1000 400
95 2 14 16 18 20 23 25 29 33 35 39 42 43 46 49 51 54 55 66 68 70 71 76 78 80 81 89 93 100 101 105 108 111 113 117 120 130 137 146 147 152 155 161 162 163 164 171 178 188 205 209 227 243 248 252 255 260 261 263 266 267 270 271 273 277 279 287 289 292 309 317 323 326 328 330 341 344 345 348 356 360 362 364 368 370 372 373 374 376 379 380 385 392 396 399
96 1 8 13 17 19 20 27 29 34 39 40 41 42 43 44 48 49 60 67 75 78 81 83 91 92 97 101 105 108 112 115 117 121 124 126 136 141 147 149 150 153 167 173 178 179 184 197 198 200 201 205 210 213 218 219 220 227 231 232 234 236 240 243 250 251 254 266 268 269 270 277 281 289 291 298 300 301 302 304 307 310 311 334 343 344 345 347 355 361 367 370 379 380 382 392 400
1 141
1 129
0
0
0
1 199
0
0
1 89
1 43
0
0
1 187
2 283 379
1 186
0
0
1 17
0
1 267
1 393
1 102
0
0
3 7 120 122
0
2 277 316
0
3 108 216 250
1 118
1 233
1 185
0
2 163 301
1 379
2 78 240
0
1 328
0
1 276
0
0
0
2 4 145
1 134
2 56 89
1 223
1 377
0
1 332
1 187
0
0
0
1 157
0
0
1 191
1 88
1 296
1 297
0
0
0
1 156
0
0
1 351
1 61
1 150
1 362
0
1 40
1 312
0
2 11 163
0
0
0
1 214
1 328
2 25 257
1 329
0
0
0
0
0
0
1 231
0
1 72
0
0
0
1 33
0
0
1 311
0
0
5 97 178 191 333 399
0
2 243 373
1 390
2 25 28
0
1 200
0
0
0
0
1 83
1 85
1 111
0
0
2 267 308
1 243
1 52
1 115
0
1 76
0
0
2 173 278
0
2 53 76
0
0
2 177 340
2 125 143
1 276
0
1 30
0
1 262
1 209
0
2 236 390
0
0
1 104
3 7 83 174
0
1 336
2 233 364
0
1 189
0
1 271
0
2 159 213
1 211
1 380
1 235
0
1 89
2 28 380
0
1 70
0
0
1 12
0
0
1 350
0
3 26 196 287
2 55 201
0
1 207
1 36
2 238 322
1 387
2 73 317
2 56 260
0
1 327
0
2 100 203
1 343
2 30 284
2 121 259
0
0
3 34 89 172
0
0
0
0
2 240 251
0
0
2 86 328
0
2 169 381
0
3 161 178 251
1 311
0
0
1 62
1 102
1 30
2 122 318
0
1 328
1 29
0
0
1 366
0
2 332 346
0
0
0
1 243
2 140 330
0
1 365
0
0
0
2 109 182
2 228 259
0
1 259
1 340
1 264
1 146
1 113
1 88
0
0
2 152 345
0
0
1 55
3 215 292 387
1 372
1 141
1 261
0
0
2 14 116
0
0
3 223 271 400
0
0
4 38 201 230 264
0
0
1 150
0
0
0
1 146
1 215
1 293
1 207
0
0
0
0
2 104 184
1 21
0
0
1 276
0
1 258
2 254 313
1 317
0
0
1 353
0
0
1 144
1 152
1 263
1 6
1 4
0
0
0
0
0
0
1 194
1 232
0
1 335
0
0
0
0
0
0
2 38 310
0
2 51 118
0
0
1 336
1 118
2 43 255
0
3 6 36 284
1 308
1 393
0
1 49
0
0
0
0
2 92 260
0
1 325
1 327
1 31
1 282
0
2 126 182
1 200
0
1 354
0
1 176
0
1 375
2 52 194
0
0
1 180
2 95 245
1 61
0
0
0
0
2 77 165
0
0
0
0
1 308
0
2 71 341
3 77 188 221
1 129
0
0
0
0
3 15 138 171
1 251
1 181
1 195
0
0
1 126
1 170
0
1 386
2 77 100
2 212 349
0
1 198
0
1 82
0
0
0
1 42
0
2 304 309
2 15 376
1 12
0
0
0
0
1 214
1 134
1 121
1 341
0
0
4 20 72 76 364
1 311
4 218 317 343 385
2 2 334
1 147
0
0
0
2 39 348
1 69
3 108 111 228
0
0
0
0
1 17
0
0
1 141
1 299
3 116 334 397
0
0
1 49
1 52
0
0
1 191
0
0
0
0
2 332 365
1 11
1 328
1 286
2 133 298
0
1 191
1 306
1 225
1 330
0
0
3 2 71 191
0
1 70
0
1 227
0
0
0
1 112
1 212
1 382
0
2 80 254
1 175
0
3 22 65 374
0
0
0
1 57
1 114
1 92
2 66 94
3 72 141 152
0
0
1 317
1 114
2 25 217
0
0
0
3 286 340 398
0
0
2 17 159
0
0
2 108 123
1 65
2 100 214
1 92
1 296
0
1 316
0
0
1 241
0
3 8 37 266
1 124
2 206 356
0
0
1 172
0
1 118
1 42
2 101 279
1 38
0
0
0
1 80
0
0
2 22 154
0
1 327
0
0
0
0
0
1 178
2 4 265
0
1 271
2 130 334
1 172
0
0
1 164
0
1 114
1 154
1 78
0
0
1 112
0
1 113
2 237 263
0
0
2 88 97
2 190 246
0
0
0
2 229 354
1 238
0
0
0
0
0
0
0
0
0
1 242
1 386
0
0
0
2 22 146
1 394
0
0
0
0
1 30
0
1 103
0
0
0
1 244
0
0
0
0
2 20 118
0
0
1 72
0
1 221
0
2 156 175
0
1 2
1 26
1 274
1 171
1 125
0
1 242
2 148 242
0
2 197 297
0
2 171 318
0
3 106 211 381
1 146
1 97
1 46
0
2 21 107
0
0
0
0
1 353
4 1 30 115 386
0
0
0
2 209 289
1 107
1 101
0
0
1 287
1 69
2 196 351
0
2 48 268
1 194
0
2 85 381
1 158
1 21
2 11 56
1 379
0
0
0
0
0
0
0
2 333 359
0
1 355
0
1 87
3 181 272 332
0
2 214 273
0
1 26
1 392
0
0
2 83 279
4 52 134 300 335
1 358
1 212
0
1 205
0
2 13 369
0
0
2 12 370
2 24 365
0
2 85 136
1 391
0
1 177
0
0
2 219 311
1 266
1 208
1 221
0
0
0
1 66
1 72
0
4 207 225 263 337
0
1 259
0
0
3 101 285 312
0
3 168 303 347
1 169
1 142
0
0
1 228
3 48 286 315
0
0
0
1 159
1 369
2 151 282
0
1 208
0
0
0
0
0
0
0
3 12 196 342
1 269
1 104
0
0
0
1 294
1 11
2 186 271
1 254
0
0
0
0
0
0
0
0
1 310
0
1 248
2 49 90
2 11 89
2 173 190
0
2 59 324
0
4 6 18 195 208
0
2 334 370
4 82 169 372 381
0
2 115 228
1 233
0
1 112
3 111 273 397
1 369
0
2 55 138
1 307
1 126
1 204
0
1 242
0
0
1 375
1 16
0
1 218
0
1 176
0
0
0
1 249
1 324
0
1 287
0
1 359
1 261
2 182 379
1 230
1 1
1 124
0
0
0
1 90
1 389
0
0
0
0
1 59
1 259
3 55 110 241
0
2 21 310
0
0
0
2 22 348
2 307 317
0
1 207
1 196
0
0
1 334
0
2 30 326
0
1 53
1 173
1 90
0
1 175
1 324
2 219 266
0
1 46
1 235
2 18 400
1 109
1 97
3 59 246 370
2 85 197
1 307
1 87
1 234
0
1 305
2 84 326
1 391
0
0
1 284
1 388
1 70
1 123
0
1 292
1 51
0
0
0
0
1 399
2 207 286
1 225
1 91
0
2 53 238
0
0
1 313
0
1 304
0
1 328
0
2 226 242
0
0
0
0
1 375
3 236 294 365
2 179 293
1 357
1 173
0
1 225
0
0
1 163
0
0
2 308 389
1 259
1 242
1 63
3 127 148 154
0
1 30
2 174 239
0
0
1 62
0
1 154
0
1 37
0
1 153
1 26
0
1 331
0
0
1 186
1 361
0
1 344
0
0
0
1 241
1 336
1 153
1 75
1 323
0
0
2 79 373
1 123
0
1 177
0
0
0
1 77
0
0
0
0
2 150 215
2 215 349
1 283
2 50 152
0
0
1 170
0
0
0
1 144
0
1 105
1 82
2 234 332
0
1 182
0
0
1 151
2 187 356
0
0
0
1 377
1 341
0
0
1 188
0
2 51 126
1 35
0
0
1 309
0
0
2 188 280
2 40 147
1 173
0
1 285
0
0
0
0
1 104
0
2 341 365
0
0
1 219
1 167
1 245
0
0
3 104 206 225
3 88 106 347
0
4 3 156 289 356
2 100 377
2 63 123
0
0
0
0
2 5 119
1 56
0
0
0
0
1 199
0
2 241 339
0
0
1 127
0
1 290
0
0
1 302
0
0
0
1 80
0
