1000 400
105 1 8 11 17 21 27 28 31 34 35 39 42 43 57 62 63 68 80 81 82 86 92 98 99 100 101 104 106 108 109 114 116 125 129 134 135 146 147 154 156 161 169 174 176 181 185 186 189 191 198 199 201 207 209 210 218 221 222 230 236 246 250 257 260 263 264 268 272 273 278 281 283 290 295 297 302 304 306 308 309 313 314 316 318 319 321 334 340 345 347 348 351 353 354 361 366 367 368 369 370 377 379 391 398 399
90 2 12 13 18 19 21 22 24 25 34 38 45 49 55 59 65 66 72 82 88 90 95 107 108 110 111 114 116 117 119 124 126 127 131 146 148 152 157 158 162 164 165 168 174 178 184 189 190 191 204 230 236 239 243 244 247 249 250 254 269 270 278 284 292 293 296 299 314 330 333 335 336 341 351 353 355 360 362 363 370 371 372 374 383 386 389 392 395 398 399
0
1 360
0
1 98
1 105
2 12 150
2 134 335
1 379
1 14
2 93 328
1 391
1 4
0
1 156
0
0
2 78 395
0
0
3 276 362 365
0
1 337
1 168
0
0
2 40 363
0
1 307
0
1 156
1 33
1 379
0
1 395
0
1 397
1 190
2 198 226
0
1 97
2 30 69
0
0
0
0
1 360
2 145 185
1 116
1 163
0
1 33
0
2 67 271
1 164
0
1 223
1 326
0
0
3 11 164 215
1 179
1 212
1 117
0
1 49
0
2 253 391
0
1 333
0
1 99
1 132
2 61 303
0
2 27 126
1 185
4 75 127 218 362
1 20
1 394
0
0
0
1 94
0
1 285
1 101
3 92 121 205
0
2 57 142
0
0
1 179
1 380
1 9
2 45 136
1 330
0
0
1 391
0
0
1 222
1 322
1 163
0
1 33
3 29 220 247
1 52
2 101 135
1 376
1 205
0
0
0
1 185
0
1 86
1 118
0
1 262
3 198 326 393
1 110
2 153 275
0
1 137
1 60
1 243
1 92
0
0
1 309
3 2 126 161
2 35 151
2 361 396
0
1 196
4 5 15 187 331
0
2 53 294
0
2 165 166
0
2 172 300
0
1 113
0
1 97
1 21
1 84
0
0
2 36 373
2 147 311
1 178
3 136 212 366
0
0
0
0
2 169 247
2 273 378
1 62
1 235
1 327
1 149
0
4 34 110 126 392
1 207
1 291
0
2 213 278
2 52 257
1 335
1 71
3 140 226 319
1 163
1 83
1 341
1 41
1 351
1 170
2 50 238
1 89
1 212
0
1 61
1 310
1 100
1 7
1 295
1 228
0
0
2 22 151
0
0
1 236
0
1 391
0
0
1 355
0
0
0
1 201
1 104
1 358
1 342
0
0
1 198
0
2 54 151
0
0
0
0
1 209
2 79 209
0
1 298
1 153
2 39 72
0
0
1 231
0
0
2 195 263
0
1 104
2 248 249
1 68
1 46
0
0
1 356
0
0
2 20 230
0
0
0
0
1 251
0
1 115
2 255 317
2 23 265
2 92 243
0
0
0
1 229
0
0
1 333
0
0
1 13
0
0
2 293 305
0
0
0
0
1 17
1 187
0
0
0
1 369
0
1 181
0
1 103
0
0
0
0
0
1 298
1 69
0
2 292 297
0
0
0
0
0
1 38
0
3 189 235 337
0
0
1 279
0
0
1 291
1 163
0
2 61 73
0
1 358
1 156
2 282 310
1 227
0
0
0
2 103 104
1 173
1 72
0
1 333
1 16
0
2 25 148
0
2 43 216
0
1 248
0
1 63
0
0
3 44 183 379
1 31
1 16
0
1 58
0
0
1 93
1 34
0
0
1 333
1 131
0
1 261
1 6
0
0
3 66 104 377
1 312
0
0
0
2 94 222
1 222
1 140
4 175 191 248 400
1 347
1 243
0
1 214
1 23
0
0
2 112 147
1 309
0
1 165
0
0
0
3 77 131 369
0
0
1 298
1 231
1 1
0
0
0
1 4
1 299
0
0
1 361
0
1 344
1 213
0
1 98
0
1 292
0
1 378
0
2 100 343
1 257
0
0
2 262 330
2 214 307
0
1 166
3 55 178 214
0
0
1 207
1 185
0
0
1 243
0
1 397
0
2 74 134
1 197
0
1 220
1 175
1 24
1 370
2 189 363
1 60
0
3 57 233 236
2 194 204
0
1 253
2 162 344
1 325
1 162
1 28
0
1 108
0
0
2 59 130
3 21 165 171
0
0
0
0
1 67
0
0
0
0
1 312
1 322
0
0
0
0
1 335
0
0
1 331
0
1 307
0
0
1 118
0
0
0
0
2 115 179
1 322
2 118 331
1 198
0
2 125 190
0
2 43 282
0
1 261
0
0
1 191
2 293 341
2 13 313
3 161 311 363
1 277
0
2 93 231
1 375
0
1 259
0
0
3 239 289 345
0
0
0
1 379
0
0
1 85
0
1 38
2 114 145
1 189
0
1 81
0
0
1 154
1 383
1 126
0
1 222
3 82 325 353
2 100 280
2 303 344
0
0
1 49
1 381
1 365
1 202
0
1 40
1 336
1 14
1 236
0
0
1 50
2 40 83
2 42 202
0
0
1 232
0
2 62 223
1 16
0
1 144
0
1 30
3 67 86 374
0
0
1 37
0
2 11 228
0
0
4 28 58 173 291
1 26
0
0
0
0
0
1 225
1 188
2 108 125
1 340
1 193
1 195
1 188
0
0
0
1 373
0
1 310
0
0
2 3 219
0
0
1 242
0
1 158
1 351
0
0
0
0
3 75 133 257
2 91 304
0
1 104
1 381
1 284
0
0
1 122
0
1 308
1 178
0
1 46
1 294
0
0
1 20
1 129
1 4
1 174
1 371
0
0
1 182
2 239 331
0
1 375
1 235
0
1 301
1 204
1 360
0
2 197 206
3 186 252 331
0
0
0
1 186
0
1 291
0
1 77
0
0
0
1 280
0
1 117
0
1 56
0
2 37 66
0
2 146 151
0
1 321
1 254
0
3 174 208 396
0
0
0
0
2 99 303
1 19
0
1 86
0
0
1 283
1 145
0
0
3 157 271 321
0
1 373
0
0
2 54 157
1 392
1 376
1 69
0
0
0
1 112
1 103
2 7 181
0
1 266
1 186
0
0
0
1 253
1 170
1 115
1 229
0
0
1 97
2 74 154
0
0
1 176
1 179
0
1 113
0
0
1 318
2 91 331
0
0
0
0
0
0
0
0
0
0
0
0
2 127 262
0
2 87 361
1 370
0
0
1 211
1 342
1 148
0
1 297
0
1 94
0
1 181
1 193
0
0
0
1 244
1 201
0
0
0
0
0
0
1 208
1 208
0
0
0
0
0
0
0
1 326
0
2 115 125
2 1 231
0
0
2 202 308
0
0
1 317
0
2 130 350
0
0
0
0
1 227
1 273
0
2 138 319
1 326
1 150
1 316
1 49
0
0
1 218
1 37
0
1 340
1 45
3 239 265 396
1 216
1 231
1 328
0
2 180 199
1 8
0
0
0
0
0
3 67 294 337
1 92
0
0
1 157
0
1 227
2 17 324
1 102
0
1 368
0
0
1 228
0
0
1 229
2 10 223
1 360
1 364
1 46
0
0
1 104
2 237 312
1 211
0
2 55 65
1 259
1 260
1 302
3 209 223 231
0
0
0
0
1 129
1 278
2 271 382
0
1 58
1 35
0
0
1 117
1 178
1 273
1 165
1 66
2 199 246
0
1 190
2 154 382
0
0
2 258 316
1 116
0
3 129 251 304
2 312 314
0
0
2 88 265
0
0
1 227
0
3 62 83 303
1 265
1 366
1 353
1 54
2 100 204
1 289
0
1 299
0
0
0
0
1 188
0
1 243
1 93
2 123 379
1 357
0
0
2 14 173
1 364
0
3 139 319 387
2 151 168
0
0
1 7
3 81 173 361
1 176
1 93
0
0
2 302 308
0
0
2 103 267
3 208 213 290
0
0
1 358
0
0
0
0
0
2 135 398
1 52
0
1 98
1 131
3 233 365 396
0
0
0
3 5 370 380
1 302
2 149 395
1 3
1 148
1 34
0
1 146
1 163
3 90 227 246
0
1 339
0
1 177
0
0
1 19
1 400
0
1 156
0
2 295 336
2 6 158
0
0
1 246
2 5 283
0
0
2 129 341
1 330
0
1 266
0
0
0
0
1 93
3 141 219 236
1 140
0
1 195
1 121
1 122
0
2 43 396
1 379
0
0
0
1 63
1 334
1 141
1 52
0
1 15
3 63 200 343
1 225
0
0
2 39 368
0
2 149 301
0
2 188 206
0
2 49 397
2 238 365
0
2 9 26
1 309
1 221
0
2 2 162
0
2 209 262
1 318
0
1 376
1 63
0
1 365
1 390
0
0
1 202
2 175 235
0
0
1 308
0
