200 607
39 3 13 41 60 71 95 100 114 121 122 123 166 176 192 197 237 269 278 288 290 297 315 332 333 336 342 371 390 408 422 455 474 499 522 527 537 545 599 606
33 13 33 41 46 54 74 95 114 129 138 166 192 208 211 242 261 280 314 316 324 342 343 353 357 366 374 389 396 422 463 474 511 549
24 13 41 60 95 114 123 166 188 192 197 225 237 290 297 334 342 390 406 422 455 467 474 521 527
36 1 13 41 60 80 95 114 123 161 166 192 197 209 223 237 239 250 281 284 290 297 328 342 371 390 399 422 449 455 472 474 496 527 599 606 607
27 35 53 70 95 114 128 153 177 192 217 230 270 295 302 342 344 392 403 416 422 427 451 452 474 569 591 595
36 9 35 45 53 70 95 112 113 114 128 150 153 177 192 210 217 230 241 256 270 302 342 344 346 381 392 403 416 422 451 452 474 494 500 569 591
39 13 33 38 41 46 67 74 94 95 114 138 148 158 160 166 192 208 211 234 242 255 258 273 280 289 314 316 338 342 353 366 374 396 422 474 511 568 593 597
30 6 13 20 27 31 41 95 105 110 114 166 192 201 242 262 272 274 316 325 342 347 396 422 443 470 474 483 498 513 538
30 13 15 18 41 68 74 82 85 95 108 114 164 166 192 196 206 242 247 296 314 316 342 374 396 422 453 469 474 512 598
39 13 33 38 41 46 67 74 94 95 114 138 148 158 160 166 192 208 211 234 242 255 258 273 280 289 314 316 338 342 353 366 374 396 422 474 511 568 593 597
33 13 19 40 41 46 74 95 114 115 145 166 172 174 192 208 242 280 301 314 316 342 374 394 396 422 438 448 474 514 533 559 567 570
33 6 13 41 58 77 90 95 105 107 114 119 166 181 192 242 254 262 316 342 349 370 376 396 420 422 432 468 474 480 505 507 524 554
39 1 13 41 60 80 95 96 114 123 166 192 197 209 213 223 237 239 257 266 281 284 290 297 328 342 371 390 393 399 422 449 455 472 474 496 527 586 599 606
27 35 49 56 65 81 95 114 169 177 185 192 207 215 218 230 276 298 304 342 344 403 422 429 474 475 488 591
36 13 33 41 46 54 74 95 114 129 138 166 192 208 211 242 261 280 314 316 324 342 343 353 357 366 374 389 396 422 426 463 474 511 549 573 574
45 1 13 41 60 64 66 78 95 104 114 123 152 166 192 197 204 209 237 239 271 284 290 297 313 328 330 342 355 363 371 390 397 399 422 430 434 455 456 458 474 527 541 599 603 606
36 35 37 39 49 56 65 95 114 169 177 185 192 230 246 249 276 298 300 307 327 329 342 344 356 361 391 403 414 422 429 474 488 550 552 591 601
39 1 13 41 60 66 95 114 123 166 192 197 204 209 237 239 271 284 290 297 328 330 342 355 363 371 390 397 399 422 430 434 455 458 474 527 541 599 603 606
39 13 16 19 40 41 46 74 75 95 114 127 165 166 174 192 203 208 242 280 314 316 318 319 342 352 365 374 396 411 422 435 436 439 464 474 514 531 533 559
15 13 41 95 114 166 192 197 290 297 342 390 422 455 474 527
42 13 16 19 40 41 46 69 74 75 95 102 114 165 166 174 183 192 203 208 242 280 312 314 316 318 319 342 374 379 396 411 422 436 440 464 474 491 514 533 553 559 581
39 35 49 52 56 57 65 95 106 114 155 162 169 177 185 190 192 230 243 265 276 285 294 298 307 342 344 356 367 380 402 403 422 429 474 488 552 560 564 591
24 13 29 33 41 46 74 95 114 138 166 192 208 242 280 314 316 342 353 374 396 401 422 474 590
27 35 49 56 65 81 95 114 169 177 185 192 207 215 218 230 276 298 304 342 344 403 422 429 474 475 488 591
30 35 53 70 95 114 128 153 177 192 217 230 270 295 302 342 344 373 392 403 416 422 427 451 452 474 476 535 569 591 595
39 13 16 19 40 41 46 69 74 75 95 114 165 166 174 183 192 203 208 242 280 312 314 316 318 319 342 374 379 396 411 422 436 464 474 491 514 533 559 581
33 35 49 52 56 65 95 114 149 155 162 169 177 185 192 230 235 265 276 298 307 342 344 356 367 403 422 429 474 488 552 560 562 591
30 35 49 52 56 62 65 95 114 169 177 185 192 220 230 236 265 276 298 307 342 344 356 367 403 422 429 474 488 552 591
48 1 13 41 59 60 72 80 93 95 96 114 123 166 192 197 209 214 223 237 239 248 257 264 277 281 284 290 297 328 342 371 390 393 399 410 422 449 455 457 472 474 496 527 566 580 584 599 606
30 13 21 30 41 60 92 95 114 123 166 192 197 237 269 282 290 291 297 333 342 371 390 422 455 474 499 506 527 599 606
27 4 6 13 27 31 41 42 95 105 114 139 166 192 242 262 316 325 342 396 422 461 474 483 513 538 546 589
27 35 49 56 95 114 135 169 177 185 192 219 230 232 260 276 342 344 350 359 375 383 403 422 474 488 534 591
24 35 49 56 95 114 135 169 177 185 192 230 260 276 342 344 350 385 403 422 450 474 488 495 591
36 6 13 20 27 31 41 95 105 110 114 126 166 192 193 201 242 262 272 274 292 316 325 342 347 384 396 422 443 460 470 474 483 498 513 538 583
33 35 49 52 56 57 65 95 114 155 162 169 177 185 190 192 230 265 276 285 298 307 342 344 356 367 403 422 429 474 488 552 560 591
30 13 19 40 41 46 74 95 114 145 166 174 192 208 242 280 301 314 316 342 374 396 422 438 448 474 514 533 559 567 570
36 6 13 41 95 99 105 107 114 141 157 166 181 192 228 242 262 263 287 316 342 349 369 376 386 396 420 422 425 428 432 474 480 497 524 554 571
39 7 35 49 56 95 114 135 156 169 177 185 192 219 230 232 245 260 268 276 321 342 344 350 359 375 383 398 403 422 474 488 503 529 530 532 534 577 591 600
42 1 13 41 60 72 80 93 95 96 114 123 166 192 197 209 214 223 237 239 248 257 277 281 284 290 297 328 342 371 390 393 399 410 422 449 455 472 474 496 527 599 606
30 13 16 19 40 41 46 74 95 114 124 165 166 174 192 208 242 280 314 316 319 342 374 382 396 422 441 474 514 533 559
36 7 35 49 56 63 95 114 135 169 177 185 191 192 219 230 232 245 260 276 342 344 350 359 375 383 398 403 422 474 488 509 529 530 534 577 591
33 6 13 41 47 95 99 105 107 114 159 166 181 192 242 262 316 320 331 342 349 351 364 369 376 386 396 420 422 432 474 480 524 554
39 7 34 35 49 56 63 95 114 135 169 177 185 191 192 212 219 230 232 245 260 276 342 344 350 359 375 383 398 403 422 474 484 488 509 529 530 534 577 591
24 12 13 41 60 95 114 123 163 166 188 192 197 237 290 297 342 378 390 406 422 455 474 521 527
42 5 35 49 52 56 57 65 95 106 114 155 162 169 177 185 190 192 230 243 265 276 285 294 298 307 342 344 356 367 380 402 403 422 429 474 488 489 552 560 564 591 602
27 13 33 41 46 74 95 114 129 138 166 192 208 211 242 280 314 316 324 342 343 353 366 374 396 422 474 511
30 12 13 41 60 95 114 123 163 166 184 186 188 192 195 197 237 290 297 342 378 390 406 415 417 422 455 474 521 527 596
39 11 13 41 55 60 89 95 114 123 143 166 176 192 197 224 237 269 278 288 290 297 333 337 342 371 390 408 422 455 474 487 499 522 523 527 537 599 605 606
33 13 19 40 41 46 74 95 114 115 145 166 172 174 192 208 242 280 301 314 316 342 374 394 396 422 438 448 474 514 533 559 567 570
21 13 19 40 41 46 74 95 114 166 174 192 208 242 280 314 316 342 374 396 422 474
27 35 36 49 76 95 114 173 177 180 185 192 230 293 342 344 348 360 372 403 413 418 422 465 474 488 591 594
33 13 16 19 25 40 41 46 74 95 114 124 142 165 166 174 192 208 242 280 314 316 319 342 374 382 387 396 422 441 474 514 533 559
30 26 35 36 49 76 95 114 173 175 177 180 185 192 230 293 317 342 344 348 360 372 403 413 418 422 465 474 488 591 594
36 35 49 52 56 57 65 95 114 155 162 169 177 185 190 192 230 265 276 285 294 298 307 342 344 356 367 380 403 422 429 474 488 552 560 564 591
33 12 13 41 60 95 114 120 123 163 166 168 184 186 188 192 195 197 237 290 297 342 378 390 406 415 417 422 455 474 490 521 527 596
33 1 13 17 41 60 95 114 123 166 192 197 204 209 237 239 284 290 297 328 330 342 363 371 390 399 404 422 455 474 527 587 599 606
24 13 15 41 74 95 97 114 166 192 196 199 227 242 314 316 342 374 396 422 453 474 515 517 526
33 6 13 41 95 99 105 107 114 141 157 166 181 192 242 262 263 316 342 349 369 376 386 396 420 422 425 428 432 474 480 497 524 554
24 35 36 49 76 95 114 177 180 185 192 230 293 342 344 360 372 403 418 422 465 474 488 591 594
33 13 19 40 41 46 74 95 114 125 145 166 174 192 208 216 242 251 280 314 316 339 342 374 396 421 422 438 448 474 514 520 533 559
33 9 35 45 53 70 95 112 114 128 150 153 177 192 217 230 241 256 270 302 342 344 346 392 403 416 422 451 452 474 494 500 569 591
18 35 49 76 95 114 177 185 192 230 342 344 372 403 422 474 488 591 594
36 1 13 41 60 66 95 114 123 166 192 197 204 209 237 239 271 284 290 297 328 330 342 363 371 390 397 399 422 430 455 458 474 527 599 603 606
24 1 13 41 60 95 114 123 166 192 197 237 284 290 297 342 371 390 399 422 455 474 527 599 606
27 4 6 13 27 31 41 42 95 105 114 139 166 192 242 262 316 325 342 396 422 461 474 483 513 538 546 589
45 1 13 41 59 60 72 80 93 95 96 114 123 166 192 197 209 214 223 237 239 248 257 277 281 284 290 297 328 342 371 390 393 399 410 422 449 455 457 472 474 496 527 584 599 606
39 10 24 35 44 49 56 95 109 114 135 167 169 177 185 192 230 253 260 276 299 342 344 350 385 403 409 422 423 445 450 474 478 481 488 495 528 548 556 591
33 24 35 44 49 56 95 109 114 135 169 177 185 192 230 253 260 276 299 342 344 350 385 403 409 422 445 450 474 488 495 528 548 591
24 13 15 41 74 95 97 114 166 192 196 199 227 242 314 316 342 374 396 422 453 474 515 517 526
24 35 49 56 95 114 135 169 177 185 192 219 230 260 276 342 344 350 359 375 403 422 474 488 591
45 1 13 22 41 60 80 95 96 114 123 133 166 189 192 197 209 213 223 226 237 239 257 266 281 284 290 297 306 311 328 342 371 390 393 399 422 449 455 472 474 496 527 586 599 606
36 7 35 49 56 95 114 135 169 177 185 192 219 230 232 245 260 276 342 344 350 359 375 383 398 403 422 474 488 503 529 530 532 534 577 591 600
36 23 24 35 49 56 79 95 109 114 135 169 177 185 192 222 230 231 253 260 276 299 342 344 350 385 403 422 445 450 474 488 495 528 557 591 592
30 6 13 41 95 99 105 107 114 159 166 181 192 242 262 316 331 342 349 364 369 376 386 396 420 422 432 474 480 524 554
33 35 39 49 56 65 95 114 147 169 177 185 192 230 246 267 276 298 303 307 329 342 344 356 403 414 422 429 474 488 550 552 591 601
36 6 13 41 95 99 105 107 114 141 157 166 181 192 228 242 262 263 287 316 342 349 369 376 386 396 420 422 425 428 432 474 480 497 524 554 571
39 13 41 60 95 114 123 143 166 176 182 192 194 197 224 237 259 269 278 283 288 290 297 333 342 371 390 408 422 455 474 487 493 499 504 522 527 537 599 606
33 35 49 56 95 111 114 135 169 177 185 192 219 230 232 245 260 276 342 344 350 359 362 375 383 403 422 433 474 488 529 534 577 591
18 6 13 31 41 95 105 114 166 192 242 262 316 325 342 396 422 474 538
33 35 39 49 56 65 95 114 147 169 177 185 192 230 246 267 276 298 303 307 329 342 344 356 403 414 422 429 474 488 550 552 591 601
42 13 16 19 40 41 46 74 75 95 114 127 165 166 174 192 203 208 242 280 314 316 318 319 323 326 342 352 358 365 374 396 411 422 435 436 439 464 474 514 531 533 559
27 13 33 41 46 74 95 114 138 160 166 192 208 211 242 255 280 314 316 338 342 353 366 374 396 422 474 511
36 35 49 52 56 62 65 95 114 169 177 185 192 202 220 230 236 265 276 286 298 307 342 344 356 367 403 422 429 431 462 474 488 539 544 552 591
39 13 16 19 40 41 46 69 74 75 95 114 165 166 170 174 192 200 203 208 242 280 314 316 318 319 342 374 396 411 422 436 464 474 491 514 533 558 559 581
33 13 16 19 25 40 41 46 74 95 114 124 142 165 166 174 192 208 242 280 314 316 319 342 374 382 387 396 422 441 474 514 533 559
30 32 35 49 56 95 114 135 169 177 185 192 230 252 253 260 276 299 309 342 344 350 385 403 422 445 450 474 488 495 591
36 23 24 35 49 56 79 95 109 114 135 169 177 185 192 222 230 231 253 260 276 299 342 344 350 385 403 422 445 450 474 488 495 528 557 591 592
27 12 13 41 60 95 114 123 163 166 184 186 188 192 195 197 237 290 297 342 378 390 406 422 455 474 521 527
36 3 13 41 60 71 95 100 114 123 166 176 192 197 237 269 278 288 290 297 315 333 336 342 371 390 408 422 455 474 499 522 527 537 545 599 606
33 12 13 41 60 95 114 120 123 163 166 168 184 186 188 192 195 197 237 290 297 342 378 390 406 415 417 422 455 474 490 521 527 596
24 6 13 27 31 41 42 95 105 114 166 192 242 262 316 325 342 396 422 474 483 513 538 546 589
36 6 13 41 58 77 90 95 98 105 107 114 140 144 154 166 181 192 242 254 262 316 322 342 349 376 396 420 422 432 468 474 480 505 524 554 565
15 35 53 95 114 177 192 230 342 344 392 403 416 422 474 591
42 13 33 41 46 67 74 94 95 114 138 148 160 166 178 192 208 211 221 234 238 242 255 280 314 316 338 342 353 366 374 388 396 422 454 471 474 502 511 543 551 593 597
42 13 41 60 95 114 123 143 166 176 182 192 194 197 224 237 244 259 269 278 283 288 290 297 333 342 371 390 408 422 437 455 474 487 493 499 504 522 525 527 537 599 606
39 13 33 41 46 67 74 94 95 114 138 148 160 166 192 208 211 221 234 238 242 255 280 314 316 338 342 353 366 374 396 422 454 471 474 511 543 551 593 597
39 10 24 35 44 49 56 95 109 114 135 167 169 177 185 192 230 253 260 276 299 342 344 350 385 403 409 422 423 445 450 474 478 481 488 495 528 548 556 591
33 13 15 18 41 51 68 74 82 85 95 108 114 164 166 192 196 206 242 247 296 314 316 342 374 396 422 424 453 469 474 485 512 598
36 6 13 41 58 77 90 95 98 105 107 114 140 144 154 166 181 192 242 254 262 316 322 342 349 376 396 420 422 432 468 474 480 505 524 554 565
33 3 13 41 60 71 95 114 123 166 176 192 197 237 269 278 288 290 297 333 342 371 390 408 422 455 474 499 522 527 537 545 599 606
39 11 13 41 55 60 89 95 114 123 143 166 176 192 197 224 237 269 278 288 290 297 333 337 342 371 390 408 422 455 474 487 499 522 523 527 537 599 605 606
42 7 34 35 49 56 63 95 114 135 136 169 177 185 191 192 205 212 219 230 232 240 245 260 276 342 344 350 359 375 383 398 403 422 474 484 488 509 529 530 534 577 591
30 32 35 49 56 95 114 135 169 177 185 192 230 252 253 260 276 299 309 342 344 350 385 403 422 445 450 474 488 495 591
33 13 19 40 41 46 74 95 114 125 145 166 174 192 208 216 242 251 280 314 316 339 342 374 396 421 422 438 448 474 514 520 533 559
30 6 13 41 95 99 105 107 114 157 166 181 192 242 262 263 316 342 349 369 376 386 396 420 422 428 432 474 480 524 554
36 1 13 41 60 73 95 114 123 166 192 197 204 209 237 239 271 284 290 297 328 330 342 363 371 390 397 399 422 455 458 466 474 527 540 599 606
36 2 28 35 43 53 70 83 95 114 117 118 151 153 177 187 192 198 230 270 275 335 342 344 345 354 392 400 403 416 422 474 519 536 561 585 591
9 35 95 114 192 230 342 422 474 591
36 13 16 19 40 41 46 74 75 95 114 127 165 166 174 192 203 208 242 280 314 316 318 319 342 365 374 396 411 422 435 436 464 474 514 533 559
27 13 21 30 41 60 92 95 114 123 166 192 197 237 269 290 297 333 342 371 390 422 455 474 499 527 599 606
21 35 53 70 95 114 153 177 187 192 230 270 342 344 354 392 403 416 422 474 561 591
27 13 15 18 41 74 82 85 95 108 114 164 166 192 196 242 247 314 316 342 374 396 422 453 469 474 512 598
33 6 13 41 58 77 90 95 105 107 114 119 166 181 192 242 254 262 316 342 349 370 376 396 420 422 432 468 474 480 505 507 524 554
42 13 16 19 40 41 46 69 74 75 95 114 165 166 170 174 192 200 203 208 242 280 314 316 318 319 342 368 374 396 411 419 422 436 464 474 491 492 514 533 558 559 581
21 35 53 70 95 114 128 153 177 192 230 270 342 344 392 403 416 422 451 474 569 591
36 35 49 52 56 62 65 95 114 169 177 185 192 202 220 230 236 265 276 286 298 307 342 344 356 367 403 422 429 431 462 474 488 539 544 552 591
36 10 24 35 44 49 56 95 109 114 135 169 177 185 192 230 253 260 276 299 342 344 350 385 403 409 422 423 445 450 474 478 488 495 528 548 591
45 1 13 22 41 60 80 95 96 114 123 133 166 189 192 197 209 213 223 226 237 239 257 266 281 284 290 297 306 311 328 342 371 390 393 399 422 449 455 472 474 496 527 586 599 606
27 13 41 60 95 114 123 166 192 197 237 269 278 290 297 333 342 371 390 408 422 455 474 499 527 537 599 606
42 6 13 41 50 58 77 88 90 95 105 107 114 134 140 144 146 166 181 192 233 242 254 262 316 322 342 349 376 396 420 422 432 459 468 474 477 480 505 524 554 576 578
30 2 28 35 43 53 70 83 95 114 151 153 177 187 192 230 270 275 335 342 344 345 354 392 400 403 416 422 474 561 591
36 1 13 41 60 80 95 114 123 161 166 192 197 209 223 237 239 250 281 284 290 297 328 342 371 390 399 422 449 455 472 474 496 527 599 606 607
27 13 41 60 95 114 123 131 166 171 188 192 197 225 237 290 297 334 342 390 406 422 455 467 474 479 521 527
33 6 13 20 27 31 41 95 105 110 114 126 166 192 201 242 262 272 274 292 316 325 342 347 396 422 443 460 470 474 483 498 513 538
39 3 13 41 60 71 95 100 114 121 122 123 166 176 192 197 237 269 278 288 290 297 315 332 333 336 342 371 390 408 422 455 474 499 522 527 537 545 599 606
27 6 13 20 27 31 41 95 105 110 114 166 192 201 242 262 274 316 325 342 396 422 443 470 474 483 513 538
27 35 49 56 65 95 114 169 177 185 192 230 246 276 298 307 342 344 356 403 414 422 429 474 488 550 552 591
12 13 41 95 114 166 192 342 390 422 455 474 527
42 5 35 49 52 56 57 65 95 106 114 155 162 169 177 185 190 192 230 243 265 276 285 294 298 307 342 344 356 367 380 402 403 422 429 474 488 489 552 560 564 591 602
45 13 16 19 40 41 46 48 69 74 75 95 114 132 165 166 170 174 192 200 203 208 242 280 314 316 318 319 342 368 374 396 411 419 422 436 464 474 491 492 510 514 533 558 559 581
27 13 29 33 41 46 74 95 114 138 166 192 208 242 280 314 316 342 353 374 377 396 401 422 474 547 579 590
30 13 19 40 41 46 74 95 114 145 166 174 192 208 216 242 280 314 316 339 342 374 396 422 438 448 474 514 520 533 559
24 6 13 20 27 31 41 95 105 114 166 192 201 242 262 316 325 342 396 422 443 474 483 513 538
45 13 14 16 19 40 41 46 69 74 75 95 102 114 165 166 174 179 183 192 203 208 242 280 312 314 316 318 319 342 374 379 396 411 422 436 440 464 474 486 491 514 533 553 559 581
45 6 13 41 50 58 77 88 90 95 105 107 114 134 140 144 146 166 181 192 233 242 254 262 305 316 322 342 349 376 396 420 422 432 459 468 474 477 480 501 505 524 554 555 576 578
36 6 13 41 47 61 86 95 99 105 107 114 159 166 181 192 242 262 308 316 320 331 342 349 351 364 369 376 386 396 420 422 432 474 480 524 554
33 35 53 70 95 103 114 116 128 153 177 192 217 230 270 295 302 342 344 373 392 403 416 422 427 451 452 473 474 476 535 569 591 595
27 13 29 33 41 46 74 95 114 138 166 192 208 242 280 314 316 342 353 374 377 396 401 422 474 547 579 590
30 1 13 41 60 95 114 123 166 192 197 209 223 237 239 284 290 297 328 342 371 390 399 422 449 455 472 474 527 599 606
21 35 49 76 95 114 177 185 192 230 293 342 344 372 403 418 422 465 474 488 591 594
33 13 33 41 46 74 91 94 95 114 138 148 160 166 192 208 211 242 255 280 314 316 338 340 342 353 366 374 396 422 446 474 511 597
33 35 49 52 56 65 95 114 149 155 162 169 177 185 192 230 235 265 276 298 307 342 344 356 367 403 422 429 474 488 552 560 562 591
45 1 13 41 60 64 66 78 95 104 114 123 152 166 192 197 204 209 237 239 271 284 290 297 313 328 330 342 355 363 371 390 397 399 422 430 434 455 456 458 474 527 541 599 603 606
21 13 15 41 74 95 97 114 166 192 196 199 227 242 314 316 342 374 396 422 453 474
39 13 33 41 46 74 91 94 95 114 138 148 160 166 192 208 211 229 242 255 279 280 314 316 338 340 341 342 353 366 374 396 422 446 474 508 511 518 542 597
27 35 53 70 95 114 128 150 153 177 192 217 230 256 270 302 342 344 392 403 416 422 451 452 474 494 569 591
27 6 13 41 58 90 95 105 107 114 166 181 192 242 262 316 342 349 376 396 420 422 432 474 480 505 524 554
21 13 15 41 74 82 85 95 114 166 192 196 242 314 316 342 374 396 422 453 469 474
36 13 41 60 95 114 123 143 166 176 182 192 197 224 237 269 278 288 290 297 333 342 371 390 408 422 455 474 487 493 499 504 522 527 537 599 606
36 6 13 41 47 61 86 95 99 105 107 114 159 166 181 192 242 262 308 316 320 331 342 349 351 364 369 376 386 396 420 422 432 474 480 524 554
27 2 28 35 43 53 70 95 114 153 177 187 192 230 270 275 335 342 344 345 354 392 403 416 422 474 561 591
36 13 33 41 46 67 74 94 95 114 138 148 160 166 192 208 211 221 234 242 255 280 314 316 338 342 353 366 374 396 422 471 474 511 551 593 597
30 35 45 53 70 95 112 114 128 150 153 177 192 217 230 256 270 302 342 344 392 403 416 422 451 452 474 494 500 569 591
36 8 35 49 56 84 95 111 114 135 169 177 185 192 219 230 232 245 260 276 342 344 350 359 362 375 383 403 422 433 474 488 529 534 563 577 591
36 1 13 41 60 73 95 114 123 166 192 197 204 209 237 239 271 284 290 297 328 330 342 363 371 390 397 399 422 455 458 466 474 527 540 599 606
24 13 15 41 74 82 85 95 108 114 164 166 192 196 242 314 316 342 374 396 422 453 469 474 512
42 7 34 35 49 56 63 95 114 135 136 169 177 185 191 192 205 212 219 230 232 240 245 260 276 342 344 350 359 375 383 398 403 422 474 484 488 509 529 530 534 577 591
24 2 28 35 43 53 70 95 114 153 177 187 192 230 270 342 344 354 392 403 416 422 474 561 591
33 35 53 70 95 103 114 116 128 153 177 192 217 230 270 295 302 342 344 373 392 403 416 422 427 451 452 473 474 476 535 569 591 595
39 6 13 41 50 58 77 88 90 95 105 107 114 140 144 146 166 181 192 233 242 254 262 316 322 342 349 376 396 420 422 432 459 468 474 477 480 505 524 554
39 13 33 41 46 74 91 94 95 114 138 148 160 166 192 208 211 229 242 255 279 280 314 316 338 340 341 342 353 366 374 396 422 446 474 508 511 518 542 597
48 1 13 41 59 60 72 80 93 95 96 114 123 166 192 197 209 214 223 237 239 248 257 264 277 281 284 290 297 328 342 371 390 393 399 410 422 449 455 457 472 474 496 527 566 580 584 599 606
39 1 13 41 60 72 80 93 95 96 114 123 166 192 197 209 223 237 239 248 257 281 284 290 297 328 342 371 390 393 399 422 449 455 472 474 496 527 599 606
33 35 39 49 56 65 95 114 169 177 185 192 230 246 249 276 298 300 307 329 342 344 356 391 403 414 422 429 474 488 550 552 591 601
36 9 35 45 53 70 95 112 113 114 128 150 153 177 192 210 217 230 241 256 270 302 342 344 346 381 392 403 416 422 451 452 474 494 500 569 591
42 13 41 60 95 114 123 143 166 176 182 192 194 197 224 237 244 259 269 278 283 288 290 297 333 342 371 390 408 422 437 455 474 487 493 499 504 522 525 527 537 599 606
39 1 13 17 41 60 87 95 114 123 166 192 197 204 209 237 239 284 290 297 328 330 342 363 371 390 399 404 407 412 422 455 474 516 527 582 587 599 604 606
36 35 37 39 49 56 65 95 114 169 177 185 192 230 246 249 276 298 300 307 327 329 342 344 356 361 391 403 414 422 429 474 488 550 552 591 601
42 13 33 41 46 67 74 94 95 114 138 148 160 166 178 192 208 211 221 234 238 242 255 280 314 316 338 342 353 366 374 388 396 422 454 471 474 502 511 543 551 593 597
36 2 28 35 43 53 70 83 95 114 117 118 151 153 177 187 192 198 230 270 275 335 342 344 345 354 392 400 403 416 422 474 519 536 561 585 591
39 7 35 49 56 95 114 135 156 169 177 185 192 219 230 232 245 260 268 276 321 342 344 350 359 375 383 398 403 422 474 488 503 529 530 532 534 577 591 600
39 1 13 17 41 60 87 95 114 123 166 192 197 204 209 237 239 284 290 297 328 330 342 363 371 390 399 404 407 412 422 455 474 516 527 582 587 599 604 606
30 13 33 41 46 74 95 114 129 138 166 192 208 211 242 280 314 316 324 342 343 353 366 374 389 396 422 463 474 511 549
42 13 16 19 40 41 46 74 75 95 114 127 165 166 174 192 203 208 242 280 314 316 318 319 323 326 342 352 358 365 374 396 411 422 435 436 439 464 474 514 531 533 559
36 6 13 20 27 31 41 95 105 110 114 126 166 192 193 201 242 262 272 274 292 316 325 342 347 384 396 422 443 460 470 474 483 498 513 538 583
33 35 49 52 56 62 65 95 114 169 177 185 192 220 230 236 265 276 286 298 307 342 344 356 367 403 422 429 431 474 488 544 552 591
30 26 35 36 49 76 95 114 173 175 177 180 185 192 230 293 317 342 344 348 360 372 403 413 418 422 465 474 488 591 594
30 13 16 19 40 41 46 74 75 95 114 165 166 174 192 203 208 242 280 314 316 319 342 374 396 422 464 474 514 533 559
42 1 13 41 60 66 95 104 114 123 152 166 192 197 204 209 237 239 271 284 290 297 328 330 342 355 363 371 390 397 399 422 430 434 455 456 458 474 527 541 599 603 606
18 6 13 41 95 105 114 166 181 192 242 262 316 342 396 420 422 474 480
36 6 13 41 50 58 77 90 95 105 107 114 140 144 166 181 192 233 242 254 262 316 322 342 349 376 396 420 422 432 468 474 477 480 505 524 554
36 13 33 41 46 54 74 95 114 129 138 166 192 208 211 242 261 280 314 316 324 342 343 353 357 366 374 389 396 422 426 463 474 511 549 573 574
45 13 14 16 19 40 41 46 69 74 75 95 102 114 165 166 174 179 183 192 203 208 242 280 312 314 316 318 319 342 374 379 396 411 422 436 440 464 474 486 491 514 533 553 559 581
33 24 35 49 56 95 109 114 135 169 177 185 192 222 230 253 260 276 299 342 344 350 385 403 422 445 450 474 488 495 528 557 591 592
30 13 21 30 41 60 92 95 114 123 166 192 197 237 269 282 290 291 297 333 342 371 390 422 455 474 499 506 527 599 606
36 13 33 41 46 74 91 94 95 114 138 148 160 166 192 208 211 242 255 279 280 314 316 338 340 342 353 366 374 396 422 446 474 508 511 518 597
33 13 41 60 95 101 114 123 131 166 171 188 192 197 225 237 290 297 310 334 342 390 395 406 422 444 447 455 467 474 479 521 527 588
21 6 13 41 95 105 114 166 181 192 242 262 316 342 349 376 396 420 422 432 474 480
36 1 13 17 41 60 95 114 123 166 192 197 204 209 237 239 284 290 297 328 330 342 363 371 390 399 404 407 412 422 455 474 516 527 587 599 606
24 35 49 56 65 95 114 169 177 185 192 207 218 230 276 298 304 342 344 403 422 429 474 488 591
33 13 15 18 41 51 68 74 82 85 95 108 114 164 166 192 196 206 242 247 296 314 316 342 374 396 422 424 453 469 474 485 512 598
30 13 41 60 95 114 123 131 166 171 188 192 197 225 237 290 297 310 334 342 390 406 422 444 447 455 467 474 479 521 527
33 13 41 60 95 101 114 123 131 166 171 188 192 197 225 237 290 297 310 334 342 390 395 406 422 444 447 455 467 474 479 521 527 588
33 2 28 35 43 53 70 83 95 114 151 153 177 187 192 198 230 270 275 335 342 344 345 354 392 400 403 416 422 474 519 561 585 591
36 13 41 55 60 95 114 123 143 166 176 192 197 224 237 269 278 288 290 297 333 337 342 371 390 408 422 455 474 487 499 522 523 527 537 599 606
45 13 16 19 40 41 46 48 69 74 75 95 114 132 165 166 170 174 192 200 203 208 242 280 314 316 318 319 342 368 374 396 411 419 422 436 464 474 491 492 510 514 533 558 559 581
36 8 35 49 56 84 95 111 114 135 169 177 185 192 219 230 232 245 260 276 342 344 350 359 362 375 383 403 422 433 474 488 529 534 563 577 591
45 6 13 41 50 58 77 88 90 95 105 107 114 134 140 144 146 166 181 192 233 242 254 262 305 316 322 342 349 376 396 420 422 432 459 468 474 477 480 501 505 524 554 555 576 578
42 1 13 41 60 80 95 96 114 123 166 192 197 209 213 223 226 237 239 257 266 281 284 290 297 306 311 328 342 371 390 393 399 422 449 455 472 474 496 527 586 599 606
36 13 33 38 41 46 67 74 94 95 114 138 148 160 166 192 208 211 234 242 255 273 280 314 316 338 342 353 366 374 396 422 474 511 568 593 597
