1000 400
106 2 5 6 9 10 19 20 27 29 34 36 37 39 42 50 52 56 57 62 65 66 70 72 76 82 85 94 95 97 98 100 103 104 109 110 113 117 119 127 142 145 147 150 152 153 154 161 176 184 189 195 198 199 207 215 238 240 241 244 245 246 247 248 250 253 259 261 263 266 268 269 277 279 286 297 299 302 305 309 311 313 317 318 321 333 340 345 354 355 357 360 363 365 367 372 373 377 378 382 389 390 391 392 394 396 399 
95 23 27 31 41 48 51 54 55 56 62 69 70 74 76 79 97 98 99 100 107 113 116 127 130 133 135 136 137 144 145 150 151 154 158 176 177 179 183 186 188 190 194 200 205 209 211 213 218 219 221 222 232 235 241 248 251 253 260 264 266 267 271 273 276 278 280 287 299 302 303 306 313 318 323 328 333 342 343 344 346 348 358 368 371 379 381 386 388 390 391 393 394 396 397 400 
0 
1 40 
1 144 
0 
0 
0 
1 304 
1 267 
1 210 
0 
2 120 161 
1 345 
0 
0 
1 335 
0 
1 394 
0 
1 255 
0 
0 
3 11 216 380 
0 
0 
0 
1 84 
0 
1 377 
0 
0 
1 139 
1 31 
2 222 279 
1 127 
0 
1 212 
1 44 
2 100 236 
1 242 
1 112 
2 191 327 
1 336 
1 49 
0 
2 311 396 
1 228 
0 
3 201 248 271 
1 302 
1 170 
1 383 
1 44 
0 
1 162 
0 
2 158 312 
0 
0 
2 45 206 
0 
0 
1 116 
0 
0 
2 242 304 
0 
1 204 
2 93 100 
0 
1 17 
0 
0 
1 176 
2 106 334 
0 
1 309 
0 
0 
1 107 
0 
2 152 389 
0 
3 22 61 361 
2 52 254 
2 29 336 
0 
0 
0 
1 153 
1 110 
0 
1 123 
0 
1 251 
0 
1 241 
0 
1 121 
0 
1 257 
2 80 217 
0 
0 
0 
1 104 
2 157 354 
0 
1 98 
0 
1 163 
0 
1 62 
1 249 
1 306 
2 18 340 
3 110 164 212 
0 
0 
0 
0 
1 87 
0 
0 
0 
0 
3 110 175 245 
1 167 
1 170 
1 212 
0 
0 
1 36 
1 63 
2 299 328 
0 
1 193 
1 55 
1 341 
0 
1 55 
1 236 
0 
3 75 282 336 
0 
0 
0 
0 
0 
2 311 392 
0 
0 
1 302 
0 
1 204 
1 243 
3 17 46 81 
2 340 393 
1 74 
1 153 
3 133 180 274 
0 
0 
0 
0 
3 107 125 308 
0 
0 
1 228 
1 25 
0 
2 171 378 
1 66 
1 72 
2 152 311 
0 
3 239 277 364 
1 310 
0 
0 
2 92 290 
0 
0 
0 
0 
0 
3 49 77 239 
1 362 
0 
1 235 
0 
0 
0 
0 
0 
0 
0 
0 
1 76 
0 
1 220 
0 
1 205 
0 
0 
0 
0 
1 194 
0 
0 
1 142 
0 
1 217 
0 
0 
0 
1 181 
2 86 173 
1 327 
0 
2 19 385 
0 
1 368 
2 150 377 
2 23 243 
2 101 276 
0 
1 71 
0 
0 
2 60 181 
1 56 
0 
2 110 117 
1 277 
1 183 
2 250 276 
2 202 321 
1 253 
1 360 
0 
0 
1 244 
1 195 
0 
1 55 
3 166 383 397 
1 398 
0 
2 3 279 
0 
0 
0 
1 309 
1 167 
0 
1 93 
3 222 338 358 
1 50 
1 154 
0 
0 
1 100 
3 116 121 137 
2 93 195 
0 
0 
0 
1 63 
4 106 140 285 325 
1 168 
0 
1 226 
0 
1 8 
0 
1 332 
0 
0 
0 
0 
1 21 
0 
1 11 
0 
0 
1 91 
0 
1 44 
1 347 
3 211 236 266 
0 
0 
1 233 
1 171 
0 
1 285 
0 
1 130 
2 78 185 
0 
0 
2 321 358 
0 
3 20 93 280 
0 
1 360 
1 74 
0 
1 362 
1 132 
0 
1 250 
2 101 355 
2 73 236 
0 
2 159 215 
0 
0 
0 
1 99 
2 72 382 
0 
0 
0 
1 252 
1 299 
2 145 266 
2 56 89 
1 275 
1 195 
2 47 181 
0 
2 58 257 
3 139 220 334 
1 329 
1 248 
0 
2 57 326 
2 222 233 
0 
0 
0 
0 
2 58 387 
1 232 
0 
4 9 53 201 296 
1 289 
0 
0 
1 20 
2 66 343 
0 
2 272 382 
0 
0 
0 
1 269 
0 
0 
0 
0 
0 
0 
0 
0 
1 125 
1 342 
0 
1 202 
1 73 
2 20 67 
0 
1 325 
0 
0 
1 114 
0 
1 271 
0 
1 398 
0 
3 193 220 294 
0 
0 
0 
0 
2 2 300 
3 89 143 265 
1 338 
0 
0 
1 52 
1 179 
0 
0 
0 
0 
1 117 
0 
0 
2 20 278 
0 
1 327 
1 243 
0 
1 142 
2 162 312 
0 
3 46 102 254 
0 
2 20 279 
0 
1 56 
0 
0 
1 85 
1 324 
0 
1 327 
4 12 36 268 392 
0 
1 124 
3 262 299 375 
1 289 
0 
1 34 
2 153 217 
2 12 368 
0 
2 37 279 
0 
1 53 
1 214 
0 
0 
2 189 316 
1 26 
0 
3 14 159 340 
1 106 
0 
0 
2 165 387 
1 329 
2 12 113 
0 
0 
0 
0 
1 95 
1 10 
0 
0 
1 390 
0 
2 34 66 
0 
0 
0 
0 
0 
1 398 
1 393 
1 197 
2 4 8 
2 275 317 
0 
0 
2 208 280 
0 
3 54 177 189 
0 
2 102 382 
0 
0 
2 24 285 
0 
0 
1 187 
1 376 
0 
1 35 
0 
3 115 181 387 
2 120 137 
2 123 291 
0 
0 
0 
1 22 
0 
0 
0 
1 223 
1 181 
2 75 353 
0 
0 
0 
0 
0 
0 
1 253 
0 
0 
0 
1 365 
0 
0 
0 
0 
1 66 
2 264 340 
0 
1 42 
0 
1 93 
0 
1 110 
0 
1 215 
1 278 
0 
0 
0 
1 77 
2 88 371 
1 3 
2 102 278 
1 395 
2 53 297 
1 198 
1 8 
1 151 
1 7 
0 
2 262 279 
3 114 195 356 
1 297 
1 190 
0 
2 147 303 
0 
1 239 
1 80 
1 217 
0 
1 207 
0 
1 48 
0 
1 239 
0 
0 
0 
1 284 
0 
0 
0 
0 
3 36 65 344 
0 
0 
1 246 
0 
0 
1 13 
0 
0 
1 184 
2 45 287 
1 74 
0 
2 74 317 
1 385 
1 388 
0 
1 167 
2 275 368 
1 52 
1 305 
2 16 296 
0 
0 
0 
1 336 
3 48 218 243 
1 88 
1 30 
1 155 
0 
1 75 
1 156 
3 55 324 372 
0 
3 212 283 383 
1 36 
0 
0 
0 
0 
1 267 
0 
0 
2 165 329 
1 25 
1 202 
0 
3 91 117 174 
0 
1 393 
2 34 308 
0 
1 87 
0 
0 
0 
1 167 
1 251 
2 132 191 
0 
2 132 379 
0 
2 74 312 
1 58 
0 
1 242 
0 
0 
1 172 
0 
1 126 
0 
0 
0 
1 235 
1 209 
0 
0 
0 
1 395 
0 
2 347 379 
2 249 303 
0 
1 93 
1 204 
1 9 
2 279 335 
1 315 
0 
0 
1 121 
1 105 
1 269 
0 
1 273 
0 
1 357 
0 
2 151 175 
0 
1 361 
3 108 182 227 
0 
0 
0 
0 
1 8 
2 70 374 
1 99 
1 378 
2 226 370 
2 261 333 
3 46 177 326 
1 114 
2 48 124 
1 91 
0 
1 74 
1 193 
0 
1 49 
2 5 33 
1 57 
1 153 
0 
0 
0 
0 
0 
1 247 
0 
1 354 
0 
1 304 
1 95 
0 
2 212 298 
3 4 353 354 
2 8 109 
2 12 118 
2 62 197 
1 110 
2 312 333 
2 99 201 
1 94 
2 274 296 
1 137 
1 237 
0 
0 
1 63 
2 336 338 
1 329 
0 
0 
1 136 
0 
0 
1 210 
0 
0 
1 323 
0 
1 336 
0 
3 138 270 321 
1 210 
1 165 
2 44 277 
0 
0 
1 240 
0 
0 
0 
1 230 
0 
0 
2 31 50 
3 30 69 298 
0 
0 
2 113 361 
0 
1 76 
0 
0 
0 
1 327 
0 
1 79 
1 53 
1 76 
6 6 53 101 113 222 340 
0 
0 
0 
0 
0 
0 
2 86 317 
0 
0 
0 
1 366 
1 131 
1 319 
1 6 
2 24 355 
0 
1 71 
0 
1 332 
1 185 
0 
2 43 332 
0 
2 174 246 
0 
1 36 
0 
0 
1 125 
0 
1 133 
0 
1 22 
0 
2 268 293 
0 
1 348 
1 381 
0 
0 
0 
1 100 
1 80 
1 4 
2 36 354 
1 93 
0 
0 
3 212 336 393 
2 257 377 
0 
1 225 
1 165 
0 
0 
1 174 
1 263 
0 
1 250 
0 
0 
1 355 
1 80 
1 191 
0 
2 52 205 
1 262 
2 124 323 
1 44 
2 52 93 
1 321 
1 86 
2 323 324 
2 28 378 
0 
2 118 198 
0 
1 99 
0 
0 
1 325 
0 
0 
2 279 366 
0 
2 99 181 
1 307 
3 43 139 302 
0 
1 170 
1 168 
1 233 
0 
1 287 
0 
0 
1 241 
1 103 
2 187 298 
0 
1 238 
0 
1 147 
4 19 118 148 395 
0 
1 168 
0 
2 152 217 
0 
1 78 
0 
1 372 
0 
0 
1 366 
0 
0 
1 40 
2 202 373 
1 223 
1 262 
2 149 250 
0 
0 
0 
0 
0 
0 
0 
0 
0 
2 131 243 
1 223 
0 
1 373 
0 
0 
0 
1 79 
0 
1 262 
1 174 
0 
1 102 
1 375 
0 
2 170 237 
1 23 
0 
0 
1 143 
0 
1 163 
0 
0 
1 66 
2 43 204 
1 289 
0 
1 369 
2 168 280 
1 28 
0 
1 227 
0 
2 140 219 
0 
0 
0 
0 
1 69 
2 18 191 
2 27 299 
2 95 180 
0 
1 280 
0 
0 
1 222 
1 35 
1 310 
2 70 162 
1 183 
2 178 280 
1 185 
0 
0 
0 
2 190 276 
1 148 
0 
0 
0 
2 70 95 
0 
0 
2 98 387 
1 311 
0 
2 163 245 
0 
1 248 
0 
0 
0 
0 
0 
1 274 
0 
1 69 
1 203 
1 129 
0 
2 149 222 
0 
0 
2 46 155 
0 
0 
2 338 400 
0 
1 261 
0 
1 381 
0 
0 
2 273 286 
0 
1 348 
0 
0 
0 
2 114 139 
0 
1 221 
0 
0 
3 6 195 335 
0 
0 
0 
