1000 400
97 8 9 25 33 40 47 49 51 53 58 61 62 67 69 71 75 78 87 90 92 93 95 97 99 103 105 115 116 117 119 123 127 129 132 134 136 143 146 158 163 164 165 166 169 172 173 177 180 190 193 199 201 203 206 210 214 215 218 221 227 229 232 234 242 247 248 260 262 266 269 272 273 274 279 280 282 283 285 297 304 318 324 346 348 356 358 363 368 374 381 383 388 393 394 395 396 397 
105 3 8 9 15 19 24 27 34 35 37 38 39 43 44 46 50 51 52 59 61 62 66 67 71 74 76 79 80 81 83 93 94 95 97 99 100 101 103 112 113 115 119 121 125 126 134 141 145 149 150 166 174 175 188 203 208 210 214 219 222 225 229 234 243 248 269 272 273 277 280 281 282 286 294 296 303 306 309 311 313 316 317 327 329 331 333 335 337 341 343 344 347 353 363 365 369 370 371 374 378 381 382 386 394 400 
1 23 
0 
1 276 
0 
1 123 
0 
0 
2 26 265 
3 216 217 368 
1 346 
2 185 237 
3 213 230 312 
0 
0 
0 
1 277 
1 331 
0 
0 
0 
0 
1 209 
0 
2 38 82 
0 
0 
1 221 
2 196 205 
0 
0 
0 
1 303 
0 
0 
0 
1 226 
0 
1 237 
1 390 
2 131 170 
0 
0 
0 
1 318 
2 125 143 
0 
0 
1 53 
0 
1 307 
3 73 83 227 
2 174 277 
2 6 209 
1 33 
0 
1 316 
0 
1 46 
0 
2 177 332 
0 
1 335 
1 243 
3 5 197 322 
1 328 
0 
1 91 
1 214 
0 
1 362 
1 82 
1 70 
0 
2 1 194 
0 
1 330 
2 291 329 
0 
0 
1 115 
0 
1 198 
0 
0 
0 
2 84 365 
1 9 
1 332 
2 342 369 
1 175 
0 
2 12 344 
0 
0 
1 263 
1 44 
1 117 
0 
1 65 
0 
0 
0 
1 371 
1 144 
0 
1 141 
1 297 
3 108 170 268 
1 342 
1 282 
0 
0 
0 
0 
1 308 
1 166 
2 104 156 
0 
0 
0 
1 84 
0 
1 134 
1 399 
0 
0 
0 
0 
1 383 
2 23 400 
1 290 
1 387 
0 
2 25 104 
0 
1 170 
1 255 
0 
0 
0 
0 
2 390 394 
0 
0 
0 
0 
0 
2 14 158 
0 
0 
0 
0 
1 79 
0 
0 
0 
1 55 
1 201 
1 157 
2 13 221 
1 172 
0 
0 
1 33 
0 
2 152 208 
2 112 287 
2 366 390 
1 361 
0 
0 
0 
0 
0 
2 53 117 
1 240 
0 
1 109 
2 107 161 
0 
0 
0 
1 103 
1 289 
5 200 245 325 347 362 
0 
1 247 
1 282 
1 328 
0 
0 
0 
1 277 
1 234 
1 11 
3 49 52 54 
4 51 146 172 398 
0 
0 
2 98 258 
1 269 
2 231 235 
1 136 
1 309 
0 
0 
0 
0 
3 146 235 351 
1 381 
0 
0 
0 
0 
2 23 396 
3 46 79 297 
2 45 277 
1 5 
1 263 
1 201 
0 
1 231 
0 
1 144 
1 347 
1 254 
0 
1 366 
0 
3 74 87 396 
1 95 
2 1 324 
1 117 
1 189 
2 344 376 
2 112 396 
2 338 340 
1 366 
1 67 
3 4 106 131 
1 13 
0 
0 
0 
2 55 268 
0 
0 
1 287 
0 
1 185 
1 305 
0 
0 
2 63 285 
0 
1 200 
0 
1 204 
0 
1 374 
0 
2 315 338 
0 
0 
0 
2 105 118 
0 
0 
0 
0 
1 38 
0 
0 
1 213 
2 104 171 
0 
1 38 
1 27 
0 
0 
1 98 
0 
1 228 
2 180 341 
0 
1 27 
0 
1 359 
1 106 
0 
0 
0 
0 
1 312 
1 53 
0 
1 195 
0 
2 79 360 
0 
1 317 
1 41 
0 
1 156 
1 165 
2 227 260 
1 157 
0 
0 
0 
0 
1 152 
1 310 
1 298 
1 304 
0 
1 127 
0 
0 
0 
0 
0 
1 154 
2 84 169 
0 
1 189 
1 42 
1 294 
2 84 264 
2 89 239 
0 
1 126 
0 
1 252 
1 105 
0 
0 
0 
2 97 385 
1 62 
0 
0 
1 386 
1 116 
1 390 
1 241 
1 21 
0 
2 81 108 
2 105 250 
0 
4 89 214 310 387 
2 242 325 
0 
1 325 
0 
1 245 
1 371 
0 
0 
1 63 
1 291 
1 47 
1 268 
1 208 
3 56 68 378 
0 
1 75 
1 245 
1 285 
0 
0 
0 
0 
1 190 
0 
0 
1 33 
0 
0 
0 
0 
2 154 292 
1 378 
3 177 242 335 
0 
2 150 354 
1 124 
1 373 
1 309 
0 
0 
1 109 
0 
0 
0 
1 272 
1 385 
0 
2 179 323 
0 
1 125 
0 
4 166 238 302 332 
0 
0 
0 
0 
1 242 
1 186 
1 250 
0 
1 238 
0 
0 
2 156 186 
0 
0 
1 189 
0 
0 
1 66 
0 
0 
0 
2 139 386 
2 23 196 
1 377 
2 10 188 
0 
1 102 
1 283 
1 309 
0 
2 190 319 
0 
1 159 
0 
0 
0 
2 130 339 
1 26 
0 
3 251 345 360 
1 226 
1 139 
1 253 
0 
0 
1 122 
2 190 238 
0 
3 58 86 92 
0 
1 255 
1 41 
0 
1 131 
0 
2 139 246 
0 
0 
1 385 
0 
1 214 
2 21 231 
0 
1 349 
1 46 
2 97 223 
4 46 52 56 165 
1 270 
0 
0 
0 
0 
1 75 
0 
0 
0 
1 206 
0 
1 40 
2 83 377 
0 
0 
0 
0 
0 
2 387 392 
1 244 
2 169 348 
2 119 210 
1 188 
1 24 
0 
1 342 
1 70 
3 209 289 334 
0 
1 260 
1 189 
0 
0 
0 
0 
1 24 
1 194 
1 34 
3 45 117 185 
1 382 
3 106 207 249 
1 156 
0 
3 212 327 353 
1 221 
1 38 
1 98 
0 
1 187 
0 
2 182 226 
2 180 230 
0 
0 
0 
0 
1 391 
1 205 
0 
0 
0 
1 261 
0 
0 
0 
1 179 
1 183 
2 27 385 
0 
1 332 
1 149 
1 233 
0 
0 
1 248 
1 178 
0 
0 
0 
1 149 
1 202 
1 142 
0 
1 300 
1 201 
0 
1 220 
0 
0 
0 
2 104 107 
2 293 378 
0 
0 
1 211 
1 63 
0 
0 
1 60 
1 363 
1 254 
0 
0 
0 
1 266 
0 
1 60 
1 267 
2 174 257 
1 126 
0 
0 
0 
1 328 
0 
0 
1 171 
2 86 173 
1 305 
0 
1 278 
0 
1 296 
1 343 
1 202 
0 
2 90 388 
0 
1 292 
1 258 
3 129 382 389 
2 59 360 
0 
0 
4 11 231 274 279 
0 
0 
1 43 
1 136 
1 165 
2 98 191 
0 
0 
2 251 259 
1 239 
2 113 388 
1 186 
1 138 
1 127 
2 299 386 
1 26 
3 69 201 286 
0 
0 
2 13 180 
1 276 
1 329 
0 
1 379 
1 357 
0 
3 10 49 393 
0 
0 
2 14 122 
0 
2 77 233 
0 
0 
1 84 
0 
0 
1 250 
1 173 
1 60 
0 
0 
0 
0 
1 186 
1 1 
0 
1 62 
0 
0 
0 
1 95 
0 
0 
0 
0 
0 
0 
1 329 
0 
1 248 
0 
0 
1 57 
0 
0 
0 
1 67 
1 187 
1 52 
0 
0 
2 18 220 
2 45 66 
0 
1 83 
0 
1 296 
1 83 
0 
1 356 
0 
0 
1 79 
0 
0 
2 25 230 
1 379 
1 203 
1 98 
0 
0 
1 132 
3 125 200 204 
0 
2 157 369 
0 
1 54 
0 
1 264 
0 
0 
1 159 
1 38 
0 
0 
0 
2 259 370 
1 80 
1 265 
1 343 
1 113 
0 
2 72 191 
3 42 142 361 
0 
0 
1 44 
1 101 
1 289 
0 
0 
0 
0 
1 102 
0 
1 221 
0 
1 249 
0 
1 178 
4 74 76 120 181 
1 364 
0 
1 389 
2 277 366 
2 39 124 
0 
0 
1 48 
2 195 379 
0 
3 39 68 262 
0 
0 
0 
1 157 
1 348 
0 
2 79 152 
2 164 380 
1 41 
2 148 324 
2 145 239 
1 125 
0 
1 42 
1 133 
0 
1 340 
0 
2 178 265 
0 
0 
3 34 149 166 
0 
0 
4 174 216 258 308 
1 395 
0 
1 301 
0 
0 
0 
2 59 80 
0 
1 387 
2 144 351 
0 
0 
0 
1 169 
0 
0 
1 186 
0 
1 212 
1 121 
0 
0 
1 294 
1 232 
1 138 
3 225 284 355 
2 183 400 
0 
0 
1 136 
1 27 
1 325 
1 149 
0 
1 21 
1 328 
3 17 236 375 
0 
1 45 
0 
1 240 
1 125 
0 
1 130 
0 
1 360 
0 
0 
2 2 330 
3 39 47 156 
1 89 
1 392 
0 
0 
1 340 
3 13 189 267 
1 242 
2 273 276 
0 
1 189 
3 173 242 350 
2 55 209 
2 349 375 
1 167 
1 286 
1 269 
0 
2 68 219 
0 
1 195 
0 
1 74 
1 354 
0 
0 
0 
0 
0 
1 362 
0 
0 
2 61 254 
1 249 
0 
0 
2 298 323 
0 
1 120 
1 133 
1 391 
1 107 
1 400 
1 59 
1 183 
2 126 399 
3 7 107 225 
0 
1 324 
1 363 
1 243 
0 
1 183 
1 336 
0 
2 235 272 
1 37 
2 233 243 
1 349 
1 199 
1 189 
3 20 36 326 
1 400 
0 
0 
0 
2 168 358 
0 
0 
0 
0 
0 
1 15 
1 78 
4 87 216 290 373 
0 
0 
0 
1 213 
1 314 
0 
1 392 
1 207 
3 323 335 379 
1 391 
1 73 
0 
0 
0 
2 140 164 
6 102 145 149 201 360 400 
0 
0 
0 
1 199 
0 
0 
1 261 
0 
1 198 
1 151 
0 
0 
2 26 399 
1 340 
0 
1 157 
2 200 333 
0 
0 
0 
1 41 
1 297 
1 3 
1 196 
0 
1 292 
0 
1 180 
2 11 105 
0 
1 399 
3 212 290 373 
2 145 187 
1 30 
2 269 326 
0 
1 235 
1 116 
1 271 
1 79 
0 
1 28 
1 83 
1 387 
0 
0 
0 
0 
1 136 
0 
1 209 
0 
2 97 303 
1 306 
0 
2 139 163 
0 
0 
0 
0 
0 
2 171 231 
0 
1 162 
0 
1 296 
1 208 
3 13 77 300 
0 
0 
0 
1 341 
2 37 119 
0 
2 262 310 
3 136 271 377 
1 85 
0 
1 326 
1 361 
1 264 
2 232 286 
1 261 
1 281 
