571 770
8 192 275 551 552 569 602 660 668
8 54 74 100 121 310 312 676 727
9 53 218 249 270 411 678 727 753 763
8 135 311 341 358 465 566 585 600
5 99 141 515 739 743
5 79 113 243 502 694
8 12 304 309 397 400 437 445 466
2 582 735
8 83 181 195 348 502 572 620 635
665 1 2 4 5 6 7 9 10 11 12 13 14 16 17 18 19 20 21 22 23 24 25 26 27 28 29 30 31 32 33 34 35 37 38 39 40 41 42 43 44 45 46 47 48 49 50 52 53 54 55 56 57 58 59 60 61 63 64 65 66 67 69 71 72 73 74 75 76 77 78 79 80 81 83 84 85 86 88 89 90 91 93 95 96 97 98 99 100 101 102 103 104 105 106 107 108 109 110 112 113 114 115 116 117 118 119 120 121 122 124 125 126 127 130 131 132 133 134 135 136 137 138 143 144 145 146 147 148 149 150 151 152 153 154 155 156 158 159 160 162 163 164 165 166 167 168 169 170 171 172 173 175 177 178 179 180 181 182 183 184 185 186 187 188 189 190 191 192 193 194 195 196 197 199 200 201 202 203 204 205 206 207 208 209 211 212 213 214 215 216 217 218 219 220 221 222 223 225 226 227 228 229 231 233 234 235 236 238 239 240 241 242 244 245 246 247 248 249 252 253 254 255 256 257 258 259 260 261 262 263 265 266 267 268 270 271 272 273 274 275 276 277 278 279 280 281 282 283 284 287 288 289 290 291 292 293 294 295 297 298 299 300 301 302 303 304 305 306 307 308 310 311 312 313 315 316 319 320 321 322 323 324 325 326 327 329 330 331 335 336 338 340 342 343 344 345 346 347 348 349 350 351 352 353 355 356 357 358 359 360 361 362 363 364 366 367 369 370 371 373 374 375 376 378 379 380 382 383 384 385 386 387 389 390 391 392 393 395 397 398 399 400 401 402 405 406 407 408 409 410 411 412 413 414 417 418 419 420 421 422 423 424 425 426 427 428 429 430 431 432 433 434 435 436 437 438 439 440 441 442 443 445 446 447 448 449 450 451 452 453 454 455 456 457 458 459 460 461 462 463 465 466 467 468 469 470 471 472 473 474 475 478 479 480 481 482 483 484 485 486 487 489 490 492 493 494 495 496 497 498 499 500 501 502 503 504 505 506 507 509 510 511 513 514 515 516 517 518 520 521 522 523 524 525 527 528 529 530 531 532 533 534 535 537 538 539 540 542 543 544 545 546 547 548 549 551 552 553 556 557 558 559 560 561 562 563 564 565 566 567 568 569 570 571 572 574 576 577 578 579 580 581 582 583 584 585 586 587 588 590 591 592 593 594 595 597 598 599 600 601 602 603 604 605 606 607 608 609 610 611 612 613 614 615 618 619 620 621 622 624 625 626 627 628 629 630 631 632 634 635 636 637 638 639 640 641 643 646 647 648 649 650 651 652 653 654 655 656 657 658 659 660 661 662 663 664 665 667 668 670 671 672 673 674 675 676 677 678 679 681 682 683 684 685 686 688 689 690 691 693 695 696 697 699 700 701 703 704 705 706 707 709 710 711 712 713 714 716 717 719 720 721 722 724 725 726 727 728 729 730 731 732 734 735 736 737 738 739 740 741 742 743 744 745 746 747 748 750 751 752 754 755 756 757 758 759 760 761 762 764 765 766 767 768 770
6 206 256 315 338 571 637
4 13 69 104 336
7 92 248 284 412 572 577 638
10 38 59 138 275 405 532 632 640 663 673
8 1 94 119 330 567 615 726 730
6 108 202 258 489 579 612
2 36 552
4 177 213 364 555
3 13 489 697
10 82 101 153 283 466 485 597 599 686 744
6 98 202 499 503 645 742
9 2 168 196 332 425 495 537 585 684
2 254 435
10 38 101 145 174 184 258 339 623 652 694
11 137 145 282 305 315 343 346 415 541 631 726
9 115 116 122 279 428 456 546 612 686
2 269 294
5 8 49 137 642 654
4 210 426 506 745
2 75 242
9 52 86 155 335 427 504 550 684 723
9 25 94 113 157 297 366 403 463 527
11 107 254 333 405 460 495 526 590 599 675 723
11 72 135 221 237 241 363 424 468 535 699 709
8 202 292 307 416 449 479 549 590
6 32 163 422 460 506 703
10 13 40 112 117 365 367 427 500 603 728
4 287 345 598 685
10 88 193 205 480 484 528 659 683 731 767
5 144 185 274 345 447
9 154 182 249 253 258 331 479 764 767
7 194 218 274 354 443 543 548
11 29 93 128 181 214 222 336 410 537 643 760
10 92 102 234 253 315 327 339 470 609 733
6 175 242 245 271 690 761
6 190 268 342 547 558 729
9 154 175 285 287 321 432 472 592 621
9 25 179 254 388 389 440 596 645 659
9 10 11 80 103 305 342 514 566 646
10 15 26 44 284 289 330 421 516 589 688
7 108 180 190 384 444 509 745
11 69 254 262 274 279 323 345 367 379 476 666
8 97 140 205 206 394 411 537 582
2 101 221
2 54 767
9 153 155 262 400 418 487 503 546 754
6 53 159 214 391 670 734
2 578 582
8 86 174 259 270 367 503 619 662
9 145 169 186 207 539 572 598 620 735
5 153 244 410 498 536
5 85 190 499 676 686
10 69 105 245 326 463 465 609 705 707 759
11 9 319 326 335 358 373 450 466 478 525 576
2 441 469
7 51 271 289 366 388 588 679
6 229 340 518 628 640 743
5 231 233 364 409 455
7 161 226 326 441 530 561 571
11 101 129 297 325 335 433 533 539 564 620 624
7 46 229 413 594 661 668 700
7 97 106 119 123 264 286 355
4 372 468 592 595
10 138 283 364 387 409 533 554 576 586 711
3 17 140 405
6 43 100 170 199 246 566
3 494 655 707
10 65 194 222 235 283 347 399 490 656 719
2 278 590
7 55 193 334 352 634 696 763
3 107 682 733
5 141 166 205 431 502
2 348 375
11 3 22 79 160 161 206 458 501 538 725 727
10 40 83 274 292 366 530 553 639 664 711
4 149 282 611 749
2 377 512
4 82 343 689 733
2 166 286
9 243 284 371 431 503 550 671 717 763
10 322 357 371 378 411 421 561 628 687 769
11 42 58 148 186 328 360 440 528 713 756 768
5 90 132 333 399 466
3 12 54 317
7 184 421 558 579 592 600 645
7 181 306 378 405 409 470 659
7 46 94 99 248 277 429 484
10 47 69 75 95 377 439 541 582 626 707
2 240 484
10 40 65 407 531 549 585 598 599 640 683
8 204 238 507 539 591 597 636 663
8 50 93 153 315 319 425 534 683
5 69 374 419 492 503
4 12 518 521 759
2 52 615
5 68 311 468 587 712
7 41 135 169 367 374 473 674
9 120 160 188 195 234 242 646 734 738
3 87 312 560
8 42 87 283 431 483 501 603 720
7 59 204 343 406 470 611 670
10 194 212 238 312 447 493 614 630 642 744
9 41 65 108 353 354 382 449 601 638
9 4 34 206 472 691 708 711 716 765
4 172 251 398 762
6 54 94 423 573 581 688
10 163 270 330 376 417 507 646 664 711 735
3 157 217 521
3 103 220 380
10 18 170 190 299 455 652 679 707 724 741
7 14 135 244 253 285 295 758
5 27 220 287 403 761
10 50 77 126 247 253 294 535 544 656 709
11 4 41 128 132 195 259 365 428 560 612 741
11 88 142 307 325 419 481 674 742 755 767 770
9 41 48 236 261 281 363 458 503 613
5 342 359 365 383 679
8 100 136 157 199 270 516 527 644
6 125 230 281 490 510 631
5 135 221 235 255 309
2 295 663
2 139 350
8 63 207 232 292 394 408 548 747
7 65 160 284 305 408 565 662
6 319 379 623 647 721 769
6 349 379 387 480 680 733
8 59 104 448 524 599 660 701 739
3 122 405 744
9 96 99 210 225 317 435 600 601 659
7 109 290 524 577 690 761 764
3 63 152 760
8 4 141 183 220 326 395 452 529
6 25 101 227 476 679 737
5 168 370 526 571 756
5 67 121 414 427 627
5 56 91 326 405 650
3 204 304 570
9 43 49 127 321 334 582 593 668 686
9 177 179 231 247 435 515 532 661 677
2 37 410
9 28 121 306 363 439 463 573 617 753
9 6 192 203 384 511 551 618 651 768
6 12 99 467 569 612 730
6 1 153 417 458 693 710
7 71 327 356 487 635 687 701
10 228 252 319 352 370 387 401 529 575 746
7 114 138 251 432 520 543 765
9 15 180 335 441 456 519 537 708 741
3 7 465 492
3 37 254 616
6 53 151 309 661 736 750
10 101 147 319 493 498 658 687 699 767 770
5 277 278 304 536 546
9 7 187 223 295 340 521 532 565 571
8 45 193 222 279 282 294 327 411
4 148 169 279 483
2 284 435
2 9 296
5 10 48 229 325 705
9 32 120 342 394 405 527 553 571 578
10 89 236 254 389 453 504 591 618 730 759
4 18 468 610 648
10 279 289 304 331 369 390 431 485 490 743
7 126 128 214 311 454 605 696
8 86 310 336 379 554 668 700 706
9 13 93 131 188 248 417 516 640 719
10 78 197 270 403 409 425 487 663 665 745
11 61 167 236 256 279 306 403 495 500 684 770
8 7 125 217 322 371 386 519 756
9 98 193 392 522 565 596 613 653 693
9 120 160 218 257 371 388 438 464 471
11 11 70 116 128 186 266 569 577 615 682 691
3 3 543 733
8 65 155 211 319 333 455 521 654
2 382 555
3 147 420 585
6 250 280 470 571 702 706
8 199 207 373 440 602 612 618 693
3 298 573 713
7 120 235 357 459 517 604 743
9 34 105 142 158 301 456 480 571 657
5 210 234 388 394 500
2 292 456
5 65 91 306 389 535
5 318 364 470 710 729
3 334 530 670
11 11 85 90 129 132 255 306 598 636 712 763
4 62 413 480 611
5 188 401 549 648 650
3 183 285 711
6 131 199 245 271 402 577
5 32 245 413 635 697
2 502 652
6 264 279 308 405 541 562
6 225 255 279 391 464 567
9 26 113 227 294 329 363 612 716 767
7 24 276 296 315 639 689 723
8 9 29 44 52 84 280 379 586
8 102 232 238 269 425 528 682 733
9 220 273 316 438 443 512 521 633 767
9 231 255 367 384 494 683 704 722 768
6 119 247 280 373 470 668
6 58 274 364 612 686 767
3 76 418 454
6 121 218 366 512 651 652
10 29 176 206 298 349 403 581 616 710 758
9 247 301 350 363 396 563 709 732 736
3 199 480 556
9 5 6 77 496 565 666 739 756 759
2 78 740
6 139 160 310 352 426 492
4 37 423 545 707
4 167 302 629 709
5 145 416 663 664 709
3 392 564 735
3 65 578 702
6 102 267 327 335 532 602
11 11 187 251 253 280 291 331 342 546 709 769
10 15 45 50 178 260 354 495 674 685 741
10 83 90 339 445 560 563 628 633 674 722
10 140 298 386 407 414 418 488 494 534 569
9 51 66 239 540 569 595 701 727 740
2 408 479
6 97 355 471 553 715 761
2 105 695
5 83 367 379 411 495
5 66 228 249 260 508
10 5 164 209 300 324 399 504 512 590 612
2 63 117
10 8 41 60 184 338 497 590 636 689 748
2 259 482
7 47 172 196 415 448 625 724
11 90 164 239 284 382 396 453 515 549 611 689
4 89 223 478 758
7 168 181 206 212 252 268 410
3 131 414 493
6 62 210 237 337 443 553
10 88 135 201 245 262 353 403 564 618 758
10 43 118 349 359 387 470 678 719 731 756
5 13 106 233 637 696
3 149 238 374
5 104 105 228 497 710
11 4 260 305 334 359 445 570 592 656 733 762
8 41 131 135 323 477 507 612 751
10 144 145 153 216 227 374 396 436 641 725
10 92 121 324 330 341 412 414 499 707 728
5 122 289 547 562 745
2 205 733
11 30 91 100 128 175 208 259 276 282 377 497
2 13 162
9 92 150 157 180 197 228 379 513 718
6 6 357 563 579 652 713
3 74 172 360
8 76 84 474 640 653 673 674 761
3 18 291 443
10 44 91 125 283 292 347 501 538 600 770
2 266 392
8 66 119 278 279 289 538 689 729
8 41 45 94 187 370 525 543 669
9 37 56 127 149 173 380 395 529 574
6 51 83 260 351 466 706
4 11 388 488 633
8 95 96 161 327 329 534 640 666
4 213 318 624 632
3 46 329 631
6 167 202 377 523 538 751
2 245 582
11 268 355 370 387 493 543 554 558 561 596 729
6 67 173 200 370 421 764
9 70 198 256 263 436 463 586 653 675
4 6 62 410 528
9 258 329 382 428 439 470 507 684 732
11 35 49 51 173 175 213 324 397 549 668 705
11 31 51 61 71 188 281 282 339 365 561 613
9 41 91 115 133 155 176 266 509 703
3 97 196 697
7 22 260 343 606 617 625 660
5 201 333 458 565 604
3 32 291 706
8 24 171 222 241 504 672 674 735
10 13 48 104 346 425 505 573 654 661 738
10 249 325 399 415 448 507 534 544 692 713
2 165 412
9 82 258 340 349 427 442 594 598 669
11 34 71 232 248 309 485 595 662 704 724 767
5 314 482 485 499 576
3 37 663 702
8 59 79 206 223 395 529 662 726
3 139 474 509
2 81 115
7 10 260 360 445 498 639 701
5 18 370 491 688 734
8 73 108 219 350 449 542 553 561
9 28 38 109 112 126 411 650 724 761
6 340 518 534 726 765 768
2 41 727
10 109 127 183 261 265 466 549 601 635 680
6 323 403 432 488 659 719
3 47 306 704
2 250 531
4 17 199 214 695
7 94 186 206 364 424 511 545
7 3 199 549 593 620 649 749
3 79 141 670
8 22 239 282 442 488 643 736 763
4 36 98 439 608
5 215 446 496 558 703
10 12 65 171 259 263 298 532 558 567 690
9 100 132 179 299 337 425 426 593 607
11 15 53 95 271 284 350 562 570 659 712 715
10 23 121 148 210 238 244 285 298 576 714
4 396 439 570 690
8 59 328 344 423 479 517 683 741
6 105 373 383 598 615 633
7 52 116 232 416 527 535 763
8 33 51 285 347 495 645 690 755
3 41 152 408
4 122 167 240 769
2 165 664
10 23 103 148 200 235 413 467 512 527 596
6 3 93 122 125 584 709
8 58 122 273 294 383 540 728 737
4 69 320 496 733
6 31 52 493 588 619 724
7 9 194 217 286 425 428 682
9 119 152 182 289 335 368 430 493 739
10 14 48 92 166 321 486 494 527 628 724
4 13 127 256 691
3 215 325 596
10 10 82 102 149 293 421 556 725 762 763
6 169 414 457 503 545 620
8 53 65 251 448 452 472 604 764
8 419 494 517 520 626 699 700 734
9 31 115 193 204 369 420 485 541 631
2 465 765
7 360 471 495 529 552 675 748
11 55 57 75 147 341 407 474 543 588 594 710
3 94 625 749
7 284 324 362 542 589 637 732
4 277 454 525 652
2 128 378
3 544 628 770
9 16 123 242 281 359 404 604 734 756
2 274 716
6 163 216 372 389 490 494
10 8 11 45 185 294 309 333 381 565 715
8 75 262 268 325 494 649 657 710
7 22 41 50 283 610 647 665
7 348 473 595 625 731 741 754
7 131 220 241 254 445 521 673
4 17 38 452 741
10 313 347 364 416 453 486 494 548 616 686
8 41 146 321 483 491 536 630 745
3 131 153 381
3 261 542 712
7 56 165 191 411 457 509 561
10 192 203 304 375 393 427 542 554 714 752
7 66 84 287 432 486 512 741
9 62 145 165 282 375 378 507 578 701
7 3 179 320 359 409 626 628
6 6 21 148 215 469 626
6 21 54 287 437 459 522
10 146 154 200 358 415 443 617 639 691 720
6 73 134 321 379 569 741
11 59 277 278 285 368 379 506 510 563 587 767
8 64 79 120 209 229 469 737 745
11 14 19 62 99 197 326 414 613 644 687 695
8 5 138 154 252 384 593 597 681
10 90 93 185 520 549 562 582 595 668 725
9 184 202 256 345 485 545 587 716 724
6 196 482 530 586 658 690
11 124 138 157 283 311 331 362 383 530 660 690
5 122 169 362 448 687
2 301 476
5 18 33 140 156 254
5 112 574 621 636 722
3 80 630 688
3 260 496 640
9 84 90 227 231 357 377 531 635 742
5 99 295 363 491 672
11 1 51 57 70 74 524 533 549 628 673 731
2 357 450
7 67 98 308 328 336 492 527
7 154 216 223 311 380 460 512
4 81 146 180 295
6 244 404 408 653 656 767
8 110 119 149 305 400 468 496 751
9 2 100 163 276 372 429 530 727 763
10 30 124 166 350 419 441 453 457 535 649
7 243 424 426 432 479 527 541
7 31 275 372 423 528 666 679
2 241 342
11 26 159 225 307 313 327 378 464 484 510 648
9 68 215 237 297 307 525 563 574 770
10 95 275 450 501 592 627 707 718 731 764
8 324 465 582 640 695 707 716 745
4 145 203 222 690
9 60 114 244 319 465 644 684 704 733
11 51 167 193 263 357 608 625 630 653 665 741
10 50 301 374 509 520 629 659 690 721 750
3 83 362 674
9 139 151 201 247 250 259 337 718 744
10 70 129 234 287 376 432 485 630 641 740
2 38 288
9 48 270 401 513 542 657 663 709 733
7 251 260 329 349 426 472 624
8 49 75 207 265 339 411 438 456
8 58 211 267 391 399 642 673 681
7 46 105 226 334 349 625 628
11 188 309 325 331 377 495 582 588 618 686 756
8 39 57 188 221 329 415 552 590
2 377 659
11 38 76 207 232 245 254 306 406 419 510 513
4 78 256 386 414
10 197 207 222 305 380 427 504 531 589 704
6 36 154 200 402 505 606
4 487 677 716 768
5 304 345 353 601 748
2 548 768
11 98 113 212 244 375 629 646 648 675 690 701
8 15 16 345 511 571 619 746 748
6 112 128 149 166 576 714
5 114 116 531 710 763
10 176 227 372 449 490 568 642 643 652 677
10 49 93 104 118 158 406 434 546 568 727
5 63 98 489 570 673
11 24 32 52 116 338 373 480 529 551 604 626
9 7 82 206 233 329 429 438 540 723
10 95 234 258 259 297 414 432 483 658 740
6 14 61 100 233 271 637
8 140 161 304 312 425 436 608 713
6 263 392 552 665 696 766
11 87 186 227 340 365 522 623 652 655 657 699
11 53 141 160 304 346 379 469 708 711 717 721
3 269 360 379
10 53 117 200 217 261 411 473 641 654 738
11 110 224 318 349 369 417 483 520 559 590 727
4 2 246 346 678
2 161 212
2 184 217
7 11 14 37 168 230 237 555
2 358 583
4 90 229 560 592
4 19 313 326 488
2 226 391
8 183 196 214 348 512 535 690 741
6 59 67 87 127 650 660
2 311 609
10 35 143 154 231 350 442 445 483 493 615
6 20 31 35 385 653 680
2 263 648
5 43 104 305 501 693
8 71 122 125 137 401 666 737 744
6 54 192 201 238 465 735
2 263 484
9 34 230 340 362 396 441 545 699 715
7 11 182 224 342 453 625 754
8 38 299 445 554 643 691 745 753
6 7 90 345 438 479 715
6 328 546 580 687 704 738
3 198 271 387
11 47 123 323 449 495 509 595 600 716 720 729
11 83 224 401 415 421 444 626 725 733 734 745
5 184 187 412 482 508
9 136 142 209 214 331 477 565 625 731
5 265 425 431 457 728
3 330 640 644
5 116 346 372 406 461
7 240 242 263 389 419 473 606
2 241 695
10 21 172 211 237 359 365 488 506 538 742
6 13 15 304 319 477 666
6 110 134 221 356 420 737
10 67 215 246 266 282 285 337 610 620 753
5 42 68 100 227 603
8 277 328 347 507 540 555 615 717
2 11 225
4 63 77 439 701
10 50 103 173 181 237 320 390 433 452 490
6 100 145 435 639 676 725
6 103 285 303 494 697 742
7 141 180 330 393 630 726 757
11 11 40 60 152 216 218 241 368 472 559 649
9 350 373 375 479 572 715 719 721 722
9 3 23 58 224 264 316 378 612 704
7 17 310 328 381 454 534 755
10 103 254 287 311 321 339 452 540 621 766
11 246 321 477 479 496 544 571 658 726 743 746
8 102 134 166 320 331 365 683 720
2 159 647
5 5 26 83 131 700
2 91 348
6 50 298 611 663 668 711
2 206 267
6 8 23 102 135 192 307
10 194 216 236 270 396 488 540 573 753 755
8 36 81 128 401 431 586 615 718
8 386 396 510 515 528 543 676 678
10 174 191 220 225 235 281 321 566 578 752
6 425 548 590 668 711 763
7 59 108 116 153 248 430 618
11 12 27 122 217 249 261 345 475 586 601 605
4 279 314 524 686
8 141 177 204 234 375 388 440 475
7 197 228 327 571 611 715 770
5 113 313 368 464 632
2 599 738
6 156 270 302 341 374 461
3 72 115 388
9 9 62 300 360 468 495 591 717 730
7 16 101 258 327 336 502 661
9 21 108 184 252 391 496 580 592 716
6 15 158 331 501 510 526
11 29 80 252 373 413 477 518 652 664 729 749
7 45 51 438 553 615 626 697
10 68 80 87 214 274 323 479 610 617 669
10 95 172 249 309 381 419 651 661 687 732
3 398 490 616
10 90 205 235 298 339 348 470 497 633 649
9 310 363 510 556 604 627 631 651 683
9 21 263 324 340 388 415 480 538 629
11 37 82 89 97 111 125 281 291 367 524 704
5 91 442 471 514 642
6 54 293 322 601 637 755
6 49 103 124 248 270 321
2 319 763
5 204 362 484 486 543
7 53 94 115 192 316 439 706
4 127 224 505 679
6 67 277 415 692 728 739
5 24 49 203 521 672
2 219 604
4 465 576 712 726
6 71 119 389 489 621 744
3 301 443 733
2 283 465
9 31 84 93 186 316 543 627 645 681
11 15 109 189 247 300 407 495 559 662 672 704
9 9 92 130 146 229 359 424 642 751
9 36 64 312 313 363 366 528 558 741
5 151 312 421 426 561
9 68 102 207 524 639 656 657 723 739
3 23 38 262
6 64 107 248 388 476 485
6 16 36 441 547 714 742
2 433 661
2 370 664
11 32 57 144 270 374 399 405 470 664 701 702
7 52 248 263 319 488 555 609
7 155 228 315 533 546 561 720
7 165 219 246 461 491 615 703
4 335 390 496 518
2 69 457
2 117 690
11 7 57 205 217 226 279 296 373 632 691 699
10 23 160 179 273 311 459 526 544 667 678
3 562 582 608
10 60 72 119 215 245 262 456 474 739 770
8 26 62 144 256 435 449 498 644
7 131 273 415 416 442 738 745
7 207 271 355 394 450 479 519
