1000 400
100 4 6 8 18 20 22 23 30 33 35 47 58 59 60 62 68 73 74 78 79 83 86 91 109 113 115 118 122 123 124 126 133 134 141 143 147 162 163 165 166 167 173 177 180 184 185 186 190 191 193 196 206 208 209 226 228 230 233 234 235 237 238 239 241 243 244 245 248 252 255 259 260 264 281 284 285 292 295 301 303 313 314 315 316 321 338 341 344 351 362 363 366 367 370 371 375 378 382 392 400
103 3 6 7 8 17 26 27 34 35 40 42 46 52 53 57 62 67 73 75 79 82 85 88 89 102 108 109 111 114 118 120 121 122 123 124 127 134 142 144 150 152 159 165 166 168 170 175 186 188 189 190 196 198 199 200 203 205 208 217 221 227 230 232 233 236 238 241 245 249 250 253 254 257 259 262 263 268 279 283 284 291 293 296 297 307 312 328 331 332 337 339 342 351 353 362 370 372 375 381 388 392 394 400
0
0
0
0
1 76
2 85 136
0
1 333
3 10 84 386
1 324
2 39 214
0
0
0
0
0
1 279
2 238 254
0
1 19
1 131
3 302 344 377
1 248
0
0
1 203
1 68
0
1 354
1 272
1 38
0
0
1 55
0
1 81
1 133
1 306
0
2 31 66
2 123 175
0
0
1 334
0
1 368
0
1 211
1 104
0
1 172
0
0
2 174 335
1 7
2 200 213
1 315
0
3 202 287 350
1 195
0
3 145 265 292
1 165
3 220 290 367
1 9
1 48
1 216
1 297
1 292
0
1 83
1 36
1 77
0
1 144
1 118
1 343
2 296 360
1 269
0
0
1 17
0
0
0
1 289
2 284 371
0
0
1 80
1 84
1 382
0
1 318
0
1 226
0
2 6 182
0
0
1 88
0
0
0
2 95 214
0
1 111
1 287
0
0
2 343 362
2 239 240
0
0
0
2 99 328
1 361
1 20
0
1 59
1 393
2 72 267
2 111 258
0
1 275
0
0
0
0
0
1 210
1 247
0
1 367
2 117 181
0
1 16
1 371
1 333
1 237
1 174
2 47 231
0
3 92 187 253
1 39
0
0
1 50
0
2 303 321
0
0
0
0
1 167
3 7 309 340
0
0
0
0
2 168 187
0
1 356
0
1 27
0
0
0
0
1 45
0
1 13
1 118
1 74
0
2 172 359
0
1 373
0
0
1 388
0
2 40 148
0
1 189
0
1 17
0
1 113
1 280
0
0
1 126
1 6
0
1 217
1 356
0
1 209
0
1 258
1 374
0
3 3 274 275
1 349
1 152
0
3 114 368 377
0
0
1 51
2 244 276
1 216
1 23
0
0
0
0
1 368
1 283
3 29 125 126
0
0
0
0
4 29 54 92 390
0
0
0
0
1 112
0
2 188 398
1 229
2 55 367
1 369
0
0
0
0
1 103
0
0
1 373
1 63
1 28
1 100
1 201
2 16 143
0
0
1 334
0
1 172
2 73 174
2 40 324
1 221
0
0
0
1 99
0
1 400
1 379
0
3 232 233 272
1 58
0
0
0
1 278
0
2 88 156
0
0
0
1 166
0
2 67 306
0
1 394
0
0
0
2 246 253
2 138 219
2 9 308
0
0
0
0
0
1 303
0
1 346
1 29
2 1 347
1 93
2 9 309
1 175
1 10
2 91 222
1 41
0
2 80 343
0
0
0
1 347
2 261 335
1 183
1 341
1 197
1 182
1 262
2 12 315
0
1 52
0
1 136
0
2 13 55
2 68 235
0
0
1 347
1 306
2 251 381
0
1 291
1 87
0
1 62
1 198
0
0
1 105
3 14 63 106
1 135
0
0
0
1 172
0
2 199 286
0
0
1 278
1 394
0
1 325
1 89
0
1 18
1 333
1 71
0
1 186
0
0
0
0
0
0
0
0
3 40 42 183
1 29
0
0
1 324
2 193 303
1 246
0
0
1 42
0
0
0
1 98
1 71
2 87 216
0
2 252 293
0
0
3 134 293 387
1 291
1 154
1 27
1 172
2 245 325
1 223
0
2 258 279
2 110 251
0
0
0
1 369
0
1 309
1 334
1 267
0
1 68
2 184 337
1 346
3 51 82 324
1 379
2 126 131
0
1 27
1 90
1 216
3 46 157 270
0
0
1 112
2 33 87
1 390
1 314
2 56 113
2 147 369
2 71 312
0
0
0
0
2 200 244
1 364
1 371
0
0
0
0
0
1 23
1 304
1 43
0
1 134
0
0
0
0
0
1 26
0
1 81
0
1 59
0
1 57
1 351
0
0
1 118
0
0
0
0
0
0
1 255
0
2 157 197
0
0
1 251
1 4
1 297
1 358
0
1 247
0
0
0
0
0
0
1 71
0
0
0
0
0
1 198
0
0
1 197
0
1 217
1 100
3 146 258 395
0
1 351
1 222
1 125
0
2 157 373
2 207 233
0
0
2 303 329
1 171
0
0
1 179
2 357 391
0
0
1 357
0
0
1 127
0
0
0
0
1 134
0
0
0
0
1 66
0
1 97
0
1 104
1 373
0
1 206
0
0
1 68
1 130
0
2 165 183
1 307
2 5 93
0
0
2 133 212
3 41 187 306
0
1 122
1 61
2 191 216
1 382
0
0
2 28 114
1 282
0
0
3 133 136 361
0
1 149
0
1 366
0
0
1 187
2 317 339
1 268
2 354 387
0
1 20
1 228
1 281
0
0
1 137
0
2 303 393
1 143
0
1 371
1 381
2 16 177
0
1 88
2 281 292
2 264 324
1 127
0
0
0
1 222
0
1 151
0
0
0
0
1 141
3 13 23 359
0
0
0
1 289
1 381
3 38 322 350
0
0
0
0
1 102
0
1 347
0
0
1 309
1 332
0
2 65 295
1 177
2 126 331
1 120
0
1 198
0
0
2 153 247
1 300
0
2 21 170
0
0
1 67
2 148 179
1 226
2 13 62
1 394
2 116 193
0
0
1 338
1 141
1 173
1 190
2 117 221
0
0
1 147
1 251
1 28
2 25 214
0
1 264
0
1 165
1 43
1 165
2 255 280
1 218
1 272
0
0
3 60 350 400
1 396
1 394
0
0
0
0
2 249 274
2 83 257
0
0
0
0
1 102
1 357
1 332
2 51 398
0
0
0
0
2 78 274
0
1 53
0
0
0
0
1 97
2 390 393
1 14
0
0
2 21 317
0
0
1 269
0
1 193
1 5
2 223 301
0
1 30
0
1 168
0
1 318
0
0
1 172
1 286
2 74 114
2 217 335
0
0
0
0
0
0
0
2 171 287
0
2 147 362
1 383
1 246
1 363
0
1 336
2 71 266
0
1 233
0
3 138 143 162
1 136
2 21 390
1 137
1 117
0
2 103 207
0
1 198
1 164
0
2 194 310
0
2 3 198
1 400
0
2 310 345
1 136
0
0
0
1 208
0
0
0
0
0
1 60
0
1 321
0
0
0
0
2 263 265
1 112
0
1 354
0
2 56 150
2 242 262
0
2 254 300
2 330 368
1 127
1 53
0
1 348
0
1 339
0
0
2 310 394
1 264
0
2 260 292
1 150
1 92
1 276
1 228
0
0
0
0
0
1 213
0
0
1 319
0
0
3 26 232 274
1 194
2 4 36
0
0
1 390
0
1 34
0
1 285
3 41 74 153
0
0
0
0
0
1 327
0
1 138
1 213
0
2 80 327
0
0
2 74 159
0
1 89
1 234
0
1 18
0
0
4 57 132 185 238
0
1 327
0
0
0
0
1 346
1 181
0
2 230 381
1 100
0
1 373
4 29 99 273 392
0
0
1 363
3 174 252 314
0
0
0
0
0
1 22
0
1 242
2 77 185
3 119 139 255
1 94
1 7
2 193 221
0
1 399
0
0
0
0
1 208
1 243
1 60
0
4 23 145 258 296
1 390
0
0
0
0
1 100
0
1 226
0
1 392
1 213
0
0
1 328
0
1 5
2 62 195
1 27
1 330
0
1 212
0
0
1 125
2 95 142
0
0
1 189
0
0
1 300
0
0
1 339
0
1 249
1 143
1 51
0
0
2 137 277
1 303
0
0
1 135
1 304
2 66 311
0
0
1 363
2 308 374
2 298 331
0
0
3 54 173 198
0
0
1 311
0
0
0
0
2 259 393
2 94 363
1 298
1 265
1 210
0
0
1 57
0
0
1 57
1 296
0
2 167 296
0
2 23 268
1 368
2 82 338
1 113
0
1 233
1 311
0
1 217
0
2 19 329
0
1 235
0
0
0
0
0
1 283
1 61
0
1 84
0
1 347
2 12 332
0
1 393
1 190
1 351
2 120 280
0
2 92 326
0
0
1 78
1 355
0
0
1 294
1 360
1 349
1 108
0
