942 998
10 151 399 496 497 730 769 778 837 895 926
4 463 596 852 974
7 169 275 459 476 609 613 616
9 54 84 265 356 394 599 782 807 908
2 496 747
8 62 211 239 499 786 862 917 926
7 143 300 400 403 629 643 758
2 256 971
9 58 237 245 247 657 811 862 935 976
852 1 2 3 4 7 8 10 11 13 14 15 16 18 19 20 21 22 23 24 25 26 27 29 30 31 32 33 34 36 37 38 39 40 41 42 44 47 49 51 52 53 54 55 56 57 58 59 60 62 63 64 65 66 68 69 70 71 72 73 74 76 77 78 79 80 81 82 83 85 86 87 88 89 90 91 92 93 94 95 96 97 98 100 101 102 103 104 106 108 109 110 111 112 113 114 116 118 119 120 121 122 123 124 125 126 128 129 130 131 132 134 135 136 138 139 140 141 142 144 146 147 149 150 151 153 154 155 156 157 158 159 160 161 162 163 164 165 166 167 168 169 170 171 172 173 174 175 176 177 178 180 181 183 186 187 188 189 192 193 194 195 196 197 199 200 202 203 204 205 206 207 208 209 211 212 213 214 215 218 219 220 221 224 225 226 227 228 229 231 232 233 236 237 239 240 241 243 244 246 247 249 250 251 252 253 254 255 256 257 259 260 261 262 263 264 265 267 268 269 270 271 272 273 274 275 276 278 279 280 281 283 284 285 287 288 289 290 292 293 294 295 296 297 298 299 300 301 304 305 306 307 308 310 311 312 313 314 315 317 318 319 320 321 322 323 324 325 326 327 328 330 331 332 333 334 335 336 337 340 341 342 343 344 345 347 348 349 350 351 352 354 355 356 357 358 359 360 361 363 364 365 366 367 368 369 370 372 373 374 375 376 377 378 379 380 381 382 383 384 385 386 387 389 390 391 392 393 394 395 396 398 399 400 401 402 403 404 405 406 407 408 410 411 412 413 415 416 417 418 419 420 421 422 423 424 425 426 427 428 429 430 431 432 433 434 435 436 438 439 440 441 443 444 445 447 448 450 451 452 454 456 457 458 459 460 461 462 463 464 465 466 467 468 469 470 471 472 473 474 475 476 478 479 480 481 482 484 485 486 489 490 491 492 493 494 495 496 497 498 499 500 501 503 504 505 507 508 509 511 512 513 514 515 516 517 518 519 520 521 522 523 524 525 526 527 529 531 532 534 535 536 537 539 540 542 543 544 545 546 547 548 549 550 551 552 554 555 556 557 558 560 561 562 563 564 565 566 567 568 569 570 571 572 573 574 576 577 578 582 583 584 585 586 587 588 590 591 592 594 595 596 597 598 599 600 601 602 603 605 606 607 608 609 610 611 612 613 614 615 616 618 619 621 622 623 624 625 626 627 628 629 630 632 633 634 635 636 638 639 640 641 643 644 645 646 647 648 650 651 652 653 654 655 657 658 660 661 662 663 665 666 667 668 669 670 671 672 673 674 675 678 679 680 681 682 683 684 685 686 687 688 689 690 691 693 694 696 697 698 699 700 702 703 704 705 706 707 708 709 710 711 713 716 717 718 719 720 722 723 724 725 727 728 729 730 731 732 733 734 735 736 737 738 739 740 741 742 743 744 745 746 747 748 749 750 753 754 755 756 757 758 759 761 762 763 764 765 766 767 768 769 771 772 773 774 775 776 777 778 779 781 782 784 785 786 787 788 789 790 791 792 793 794 795 796 797 798 799 800 801 803 804 805 806 807 809 810 811 812 813 814 815 816 817 818 819 820 821 823 824 825 826 828 829 830 832 833 834 835 836 839 841 842 843 844 847 848 849 850 851 852 853 854 855 858 859 860 861 862 863 864 865 866 867 868 869 870 871 872 873 874 875 877 878 880 881 882 883 884 885 886 887 888 889 890 891 892 893 894 896 897 898 899 900 901 902 903 904 905 906 907 908 910 912 913 914 915 916 918 919 921 922 923 924 925 926 927 928 929 930 931 932 933 935 936 937 938 939 940 942 943 944 945 946 947 948 949 950 951 952 953 954 955 956 957 958 959 960 961 962 963 964 965 966 967 968 969 970 971 972 973 974 975 976 977 978 979 980 981 982 983 984 986 987 988 991 992 993 994 995 996 998
6 49 200 291 365 769 924
2 275 923
6 457 551 593 721 878 916
9 212 227 276 293 555 596 618 878 931
6 56 81 712 880 915 965
4 87 113 267 300
6 5 102 158 521 603 768
8 80 340 361 409 413 491 976 994
10 390 422 504 686 760 801 833 886 928 981
4 442 652 907 917
3 441 707 864
7 38 375 388 547 702 859 959
6 63 125 197 208 339 674
10 135 157 177 300 380 411 440 622 663 664
11 61 216 386 486 493 590 736 759 771 784 815
2 743 895
3 409 598 771
3 40 564 981
2 25 862
7 183 317 344 530 887 952 997
7 257 279 461 484 548 632 653
6 298 369 461 742 748 918
5 123 283 651 729 738
5 183 329 409 493 831
11 2 152 328 381 394 417 591 609 719 746 841
3 191 783 935
9 89 387 518 593 609 620 742 923 987
6 39 59 250 413 550 647
7 219 440 466 475 557 795 855
7 2 95 298 750 785 836 956
9 329 422 469 556 743 853 891 897 921
5 38 297 335 429 896
2 366 478
9 137 306 392 498 562 578 693 745 929
8 46 106 135 179 465 579 635 720
6 172 195 693 820 825 862
4 88 627 690 713
3 162 392 414
10 73 156 347 518 547 818 866 885 887 977
6 260 339 449 586 912 931
6 97 247 372 441 744 809
9 239 378 451 466 567 631 732 736 946
8 20 51 80 246 269 640 889 996
6 163 455 554 853 919 968
3 44 164 505
10 311 454 495 637 714 719 736 828 970 990
10 194 295 510 575 594 821 926 927 964 976
6 115 126 226 449 579 951
5 225 254 420 552 698
6 162 366 497 588 613 860
3 434 575 960
5 169 426 623 836 934
9 21 200 225 321 427 475 491 508 829
4 327 450 508 555
5 58 164 272 392 900
9 16 130 217 238 264 292 359 717 943
2 224 245
3 38 692 866
10 6 22 135 164 264 593 620 621 863 866
7 99 120 392 393 438 704 921
7 353 425 433 572 593 651 975
7 1 116 212 306 407 541 902
4 858 914 959 976
6 15 97 465 751 948 965
4 182 279 476 916
3 114 248 389
5 61 257 621 689 854
11 19 27 528 562 569 613 640 747 754 805 829
11 35 132 216 261 378 511 683 813 819 875 898
6 293 306 530 558 725 755
9 317 486 512 567 629 711 752 814 853
4 490 517 522 638
11 123 163 245 343 375 411 638 649 701 713 901
3 61 154 509
11 7 16 106 210 485 487 494 820 834 852 957
2 823 894
4 371 491 593 613
10 36 104 159 195 327 361 392 566 763 857
4 12 296 504 648
8 2 25 27 37 52 324 515 547
6 28 150 211 255 837 897
7 427 439 459 694 819 916 924
2 6 928
8 99 308 395 526 599 664 880 939
2 66 576
8 93 104 482 769 847 881 933 964
6 215 285 398 418 575 990
11 26 73 309 311 338 412 491 614 716 724 890
3 215 323 599
7 51 165 186 233 263 595 633
10 30 81 134 376 542 641 728 741 862 993
8 100 554 570 575 723 742 793 836
6 220 345 420 552 802 972
6 122 474 604 618 672 830
5 53 349 597 780 853
10 166 349 386 406 642 670 712 726 862 883
11 188 191 270 377 435 441 552 563 729 811 926
8 92 117 381 413 475 513 836 847
11 15 284 489 493 542 589 619 640 667 738 740
9 115 127 200 260 373 376 392 757 908
3 222 609 796
7 9 157 190 362 554 558 715
7 14 33 304 353 582 843 886
7 10 45 191 365 626 707 771
8 372 534 537 564 620 663 738 878
10 139 460 491 537 598 610 774 800 895 993
3 272 758 996
8 457 465 626 712 732 794 799 821
10 24 74 322 352 362 542 582 599 898 921
10 197 249 430 608 611 705 839 856 880 985
8 89 149 360 433 452 493 717 738
3 16 282 552
7 47 116 388 493 525 696 858
3 88 479 944
9 41 74 185 246 301 412 446 509 759
6 254 394 449 577 845 916
6 192 451 668 736 845 903
10 16 37 85 275 458 553 704 716 717 780
7 332 365 551 552 702 744 866
9 30 104 147 501 616 905 907 923 996
5 237 456 744 749 977
5 266 377 406 523 843
3 105 363 460
7 65 267 403 504 712 733 994
3 63 692 720
9 25 105 324 429 638 646 849 898 950
2 706 975
11 40 194 265 338 355 576 595 822 823 878 900
10 25 56 152 187 365 372 488 662 726 860
6 312 677 879 935 962 989
11 106 175 208 219 222 288 497 504 830 847 914
8 51 75 164 271 506 637 899 997
4 89 217 345 560
10 66 67 160 162 360 388 777 879 923 967
7 9 134 213 270 300 513 827
5 6 104 391 626 754
11 14 213 253 449 454 461 466 490 684 716 739
8 154 195 389 432 458 612 646 752
8 33 163 285 375 393 469 747 895
11 190 281 468 500 538 720 869 873 896 923 955
9 3 51 67 118 346 447 737 930 955
5 376 784 847 870 985
3 411 415 464
9 44 412 453 638 698 856 943 969 973
9 158 160 218 233 252 483 506 885 954
6 63 125 447 486 638 972
4 12 107 143 707
8 8 239 396 603 705 708 755 970
4 219 784 799 899
9 76 158 171 261 413 565 605 620 727
8 4 22 116 428 483 561 617 914
8 80 449 510 551 567 613 716 995
9 23 54 103 282 312 486 534 702 995
4 217 581 692 815
11 13 84 208 230 270 419 424 443 710 735 898
7 31 46 87 141 300 411 480
6 89 118 324 492 670 926
11 5 31 75 76 224 425 495 514 741 771 805
8 155 233 388 517 519 569 595 784
10 379 413 500 533 537 621 692 742 920 938
10 135 210 289 354 385 551 582 585 616 950
4 155 339 797 944
5 173 242 266 434 764
9 124 281 458 610 686 699 904 926 928
10 16 163 259 453 458 530 650 824 837 943
11 100 134 172 174 261 283 539 626 631 804 874
10 49 90 215 268 451 622 656 784 846 973
9 64 137 308 376 631 730 774 785 957
6 164 195 460 851 877 942
10 140 287 404 516 577 592 603 790 814 923
5 44 190 927 950 962
4 256 501 566 585
7 130 270 328 467 508 869 953
10 3 262 369 379 526 635 697 865 890 946
6 241 261 424 637 695 979
9 1 113 401 425 682 816 837 929 967
10 212 289 327 442 454 483 512 598 943 957
5 229 237 240 336 360
8 33 222 281 429 489 536 580 690
8 80 96 192 287 314 328 369 504
8 4 101 116 251 340 410 732 841
9 140 168 216 290 471 604 766 895 915
9 70 288 370 574 629 631 734 823 829
2 643 873
10 143 146 174 204 221 223 301 316 741 842
6 111 209 214 342 423 861
7 154 217 411 503 599 723 903
3 54 364 587
10 32 165 361 404 456 629 743 769 826 990
5 310 389 409 692 955
3 514 526 551
6 131 166 190 405 527 760
2 51 361
9 179 316 344 352 366 511 672 709 959
7 49 262 264 284 557 606 768
2 123 899
2 339 437
7 135 482 551 559 706 823 830
2 289 713
9 11 182 423 678 707 751 861 901 942
6 14 205 258 517 622 830
10 1 20 47 94 404 555 579 733 929 965
5 42 358 558 778 942
2 43 720
3 76 342 572
2 285 626
8 11 49 323 513 563 566 779 916
3 99 473 690
7 107 260 271 789 800 825 993
10 29 75 298 318 470 500 533 714 724 927
6 481 583 751 797 835 854
5 231 452 554 823 979
2 71 608
10 185 245 294 384 408 430 529 736 902 936
10 126 208 361 367 583 700 719 829 853 885
10 105 156 167 203 292 803 929 933 959 965
9 243 254 359 367 646 740 869 947 948
6 83 218 277 348 527 622
2 468 488
5 30 177 440 556 891
9 169 349 381 419 522 704 810 849 965
4 231 283 487 962
9 45 69 131 246 629 639 799 820 986
11 23 79 168 198 216 325 328 351 426 600 716
5 564 613 618 928 933
3 87 680 758
6 152 263 348 647 824 909
10 73 330 453 458 550 634 717 750 924 960
10 155 194 334 362 493 497 595 682 683 825
2 57 199
4 93 311 638 646
11 5 16 155 308 362 398 465 485 572 663 794
3 2 101 472
4 230 482 519 798
8 50 170 305 364 501 512 904 976
6 46 366 616 627 686 768
6 527 569 680 731 776 950
4 504 571 779 836
9 192 204 296 339 457 536 577 603 814
5 177 192 218 427 472
7 159 613 620 702 866 910 913
10 347 385 552 593 622 705 794 805 833 964
3 202 581 826
6 97 225 573 615 721 994
6 34 150 366 423 583 980
2 266 760
10 100 194 409 419 464 644 692 722 892 994
4 133 552 654 916
7 159 379 436 493 535 871 994
8 213 229 339 413 536 551 566 989
4 390 489 833 843
7 9 21 121 511 667 765 825
3 663 811 959
10 98 185 236 322 505 634 684 763 920 995
8 58 282 554 683 687 781 819 906
11 23 125 170 329 378 515 529 580 646 661 946
4 398 558 955 986
7 131 249 488 507 563 579 888
3 30 34 108
8 21 89 138 165 327 476 699 898
10 4 14 61 286 437 509 521 527 872 904
9 218 300 381 408 454 494 617 618 966
9 40 104 198 371 391 430 535 943 950
3 75 231 337
8 43 316 324 384 418 688 746 951
9 73 84 228 412 499 513 701 797 907
5 32 448 584 877 973
10 93 94 225 373 520 537 581 618 642 673
9 250 441 588 598 600 677 809 906 922
6 153 249 380 805 904 995
2 436 583
4 145 462 872 912
8 39 50 368 465 667 830 934 982
5 37 171 566 599 801
7 81 102 139 456 548 690 693
3 88 688 791
3 526 952 978
3 403 716 910
10 59 285 323 389 623 651 721 740 760 823
2 168 390
3 62 523 584
4 482 710 946 970
4 186 200 505 722
3 286 553 818
11 58 226 248 296 300 368 393 414 769 799 933
7 23 135 418 641 644 727 998
9 24 202 506 515 762 803 816 914 930
2 1 248
10 185 265 292 392 724 838 841 842 912 952
6 181 193 626 636 712 974
6 74 204 301 513 948 985
10 340 344 359 445 575 602 707 759 761 889
11 4 11 164 301 343 431 448 485 843 907 918
9 7 108 182 509 539 566 797 909 970
4 49 491 858 951
9 66 215 365 485 640 779 784 983 994
4 117 237 407 466
4 543 609 703 876
7 165 215 292 510 517 838 958
9 22 121 158 161 529 640 688 830 930
2 928 950
10 82 166 183 197 206 450 602 651 719 903
2 225 621
8 40 63 80 259 326 435 832 952
5 58 150 569 749 814
2 117 338
11 63 95 328 411 499 505 547 598 607 624 874
11 88 102 254 313 521 698 752 819 821 833 872
4 65 244 289 913
9 199 235 246 525 571 646 691 926 981
10 45 320 417 515 516 542 725 924 942 948
2 93 819
4 338 477 786 917
6 7 202 217 265 777 931
6 12 76 170 208 467 865
9 10 143 231 604 605 690 765 885 997
4 144 186 451 983
6 81 165 337 794 847 961
9 179 546 826 839 842 904 934 946 951
4 100 598 801 869
5 206 335 391 503 577
6 230 264 785 789 950 975
4 227 281 733 762
8 29 240 417 529 614 726 827 847
9 66 213 271 352 367 466 673 840 938
5 320 569 704 783 836
9 99 444 594 595 619 710 891 922 968
5 38 149 404 658 890
6 31 82 101 187 642 853
11 39 221 360 450 477 514 578 610 624 696 892
3 348 859 890
3 194 267 601
5 70 250 360 593 647
3 84 104 659
7 15 240 735 786 864 890 930
2 218 229
2 21 277
7 251 321 445 460 530 697 721
7 9 61 160 182 250 636 979
6 56 144 545 569 651 740
6 203 353 497 696 780 881
6 17 110 359 501 590 856
3 104 147 997
8 90 91 260 278 441 685 724 881
8 33 198 320 348 565 791 798 981
6 299 372 390 476 480 962
9 212 230 346 406 672 857 889 893 915
3 385 459 716
3 17 223 790
5 268 309 424 952 988
2 335 809
11 231 278 316 408 487 505 516 564 579 599 841
3 219 376 716
5 305 451 700 713 868
9 131 152 168 237 491 551 569 641 806
2 214 950
9 17 135 314 332 646 665 702 812 982
9 75 221 309 379 634 690 809 910 947
8 55 56 88 212 238 288 799 981
10 111 134 203 208 412 482 657 872 939 975
7 349 358 512 666 699 709 949
3 64 585 619
2 499 801
7 215 333 380 638 712 777 785
2 27 578
7 77 121 205 342 534 555 700
5 79 115 143 359 803
7 203 252 409 457 505 549 844
10 40 85 295 372 474 536 666 705 743 817
8 98 368 576 680 729 747 790 798
7 185 397 487 633 682 728 939
6 148 578 645 661 716 753
4 70 74 293 772
10 111 142 284 354 401 720 737 770 938 982
5 65 300 495 740 998
10 67 72 85 154 230 421 712 838 850 989
2 436 517
3 206 631 793
6 200 290 525 552 787 922
3 89 185 479
8 83 151 176 193 349 524 861 981
11 40 101 160 171 173 209 470 633 671 817 843
3 336 645 693
4 61 227 703 871
11 15 64 72 157 170 289 352 437 649 899 948
6 24 63 285 703 908 925
5 226 292 649 778 793
4 135 291 813 906
7 204 279 343 593 702 870 970
2 461 818
4 70 574 922 962
6 301 399 539 683 917 918
2 32 654
9 112 213 254 328 479 598 645 654 655
11 343 357 448 455 472 693 747 820 825 831 947
5 71 143 426 494 978
8 7 46 363 542 568 726 741 787
2 486 593
11 142 181 204 248 303 329 376 379 869 892 938
3 28 84 578
8 112 249 279 317 410 804 946 965
3 98 633 680
6 303 605 697 702 793 918
2 94 802
7 67 99 379 539 669 892 959
6 12 433 696 833 862 946
11 15 130 204 214 247 399 403 581 673 882 922
8 178 337 399 612 744 788 832 947
2 354 700
9 137 150 285 451 508 516 569 574 836
3 97 248 926
2 742 826
7 38 152 328 671 718 812 869
3 89 170 778
8 273 394 665 668 706 749 871 908
3 3 202 802
11 5 326 392 418 484 586 628 736 754 795 901
7 92 183 251 328 593 691 914
2 62 717
5 269 453 660 718 853
2 379 415
8 64 312 365 473 626 734 743 863
6 276 345 415 449 598 924
6 318 513 531 692 893 970
3 410 489 804
9 57 248 311 332 420 493 673 875 888
8 105 360 588 692 785 880 888 938
9 2 297 460 517 762 792 822 961 997
3 70 400 548
6 31 317 480 629 837 969
6 364 436 784 862 912 916
7 524 553 584 747 794 853 993
11 47 114 279 385 387 392 480 650 657 818 845
8 35 187 553 556 638 861 941 949
2 498 885
10 51 93 149 151 158 705 826 901 944 951
7 21 244 484 551 695 763 854
2 214 595
11 8 140 162 538 595 753 774 921 938 946 998
4 169 248 706 734
3 24 52 599
3 21 403 695
8 74 87 99 150 222 261 605 888
3 112 484 825
5 237 274 322 602 729
9 242 276 306 402 445 483 574 797 857
2 515 881
3 329 574 580
2 309 914
5 55 244 432 514 807
8 74 286 333 346 425 475 768 959
10 12 18 68 104 161 410 459 585 692 733
4 61 206 259 985
3 231 495 562
9 69 145 258 323 660 671 699 748 806
8 17 65 169 375 561 643 826 838
11 7 17 52 58 262 281 336 358 464 700 726
9 227 652 686 697 704 742 758 888 898
2 581 722
11 17 160 243 352 381 548 571 609 713 731 971
2 8 381
9 25 76 186 410 496 593 689 775 913
11 97 162 297 583 646 723 775 932 971 974 981
10 92 124 267 407 717 769 821 826 846 992
3 178 189 797
9 73 93 103 280 294 547 577 982 985
2 494 608
4 113 332 522 785
4 153 187 199 420
11 167 244 307 370 432 477 512 661 782 898 948
3 2 26 948
10 190 352 400 619 623 652 728 890 920 969
5 247 283 288 404 668
7 2 77 103 106 127 521 922
2 22 415
7 16 28 108 582 712 848 956
10 85 161 226 337 438 483 606 811 821 851
8 102 132 305 385 475 498 790 993
10 7 165 170 347 478 557 576 617 752 863
6 288 466 543 836 884 912
9 90 432 464 634 658 672 742 836 934
5 133 469 485 490 976
11 9 127 191 611 676 680 682 720 750 827 848
4 645 711 752 937
5 172 227 429 478 644
4 188 231 443 542
8 14 240 426 505 517 664 880 929
11 19 204 281 447 495 546 802 824 949 971 977
6 211 248 512 553 624 998
9 23 68 109 263 480 491 501 700 952
5 218 304 524 608 884
7 326 658 714 767 782 930 932
2 34 211
3 211 556 625
10 18 117 192 289 439 491 619 756 788 820
11 177 251 262 360 373 383 451 574 649 704 756
4 328 360 864 956
8 160 293 313 459 490 541 803 973
4 538 572 594 988
5 200 517 546 676 764
11 5 217 460 545 596 627 812 827 892 984 987
11 164 293 308 314 364 567 590 641 719 784 796
7 257 402 432 514 643 896 919
2 104 522
9 175 287 298 461 707 758 874 988 998
5 149 374 633 752 958
9 18 108 140 143 175 200 641 817 830
4 98 104 552 955
8 22 130 316 436 557 757 807 874
9 64 221 558 762 769 793 797 876 944
11 83 295 324 347 495 578 672 781 854 891 964
2 616 719
11 200 279 329 405 430 556 619 887 933 969 971
2 261 703
5 128 147 324 743 987
5 56 151 628 706 737
5 82 508 697 700 776
2 682 869
4 360 663 855 959
10 206 300 313 327 535 623 631 723 769 992
3 330 619 834
3 1 626 940
2 564 689
6 80 263 413 475 671 782
6 160 172 251 512 954 967
5 44 140 355 405 518
9 75 321 356 365 565 714 783 854 857
9 34 275 282 606 635 657 712 861 955
11 121 376 424 428 624 646 715 725 729 787 957
5 45 115 220 484 987
8 47 101 128 205 602 786 948 983
2 138 270
7 148 250 288 296 443 699 843
8 249 450 527 541 579 749 917 918
3 111 263 912
8 106 174 624 686 739 846 885 974
2 228 618
7 74 105 293 355 938 940 985
5 209 366 538 549 636
3 246 266 678
11 176 299 380 416 604 616 781 796 852 955 981
4 363 509 512 680
10 50 70 109 127 131 204 351 599 813 917
9 120 302 515 527 577 839 958 986 998
11 182 328 442 504 585 720 843 850 966 976 997
10 370 378 384 404 407 595 620 731 765 780
4 23 405 663 976
8 12 55 183 315 439 448 566 775
4 315 637 737 937
8 133 297 375 452 516 604 743 847
3 369 714 860
4 239 245 478 549
6 116 310 559 792 924 928
11 81 274 282 353 367 515 539 541 552 658 678
6 450 583 606 733 824 944
9 2 407 448 474 477 551 774 874 941
8 69 143 144 180 799 917 935 961
9 10 210 346 646 681 720 740 847 991
4 119 324 763 922
5 79 391 537 565 568
9 8 441 565 621 626 723 835 919 952
5 39 88 282 604 623
6 265 292 566 672 908 974
3 362 731 945
2 169 603
2 347 852
4 476 769 845 859
4 97 189 841 931
3 597 837 902
3 130 424 613
9 72 166 198 229 273 470 508 509 560
8 8 165 166 364 519 553 654 965
4 266 611 848 886
4 733 776 824 996
2 301 959
6 123 129 191 530 541 946
5 228 263 276 477 673
4 62 120 378 555
9 13 22 306 378 526 690 787 811 913
11 21 294 437 453 489 491 543 599 617 619 719
5 344 493 752 765 791
10 95 436 501 632 674 709 742 804 956 980
3 251 622 885
7 71 313 511 561 615 721 772
9 3 326 387 625 654 744 814 863 988
7 137 401 432 493 547 681 759
9 54 120 399 529 561 673 719 803 977
7 232 310 454 509 612 630 780
9 95 504 547 636 774 805 809 941 990
9 127 344 399 400 464 595 741 874 892
5 74 208 395 481 820
2 110 966
2 137 785
3 803 890 900
3 466 926 991
2 400 403
10 20 223 289 300 322 492 549 693 943 977
11 84 130 266 408 600 687 707 781 890 935 955
8 111 404 417 679 761 792 846 933
8 130 131 138 191 355 732 930 937
4 183 471 544 876
3 274 375 661
7 25 32 103 240 265 392 865
5 50 275 385 674 948
11 202 219 324 377 527 606 697 707 811 901 913
2 122 636
9 231 234 329 395 662 698 704 773 814
6 78 325 457 834 924 970
9 185 208 216 290 346 418 516 725 773
3 543 890 948
7 20 107 269 387 434 606 798
2 96 137
10 140 213 442 461 812 867 895 905 964 969
3 61 720 794
7 94 356 443 469 646 947 971
2 374 759
2 244 688
11 51 138 551 553 584 701 713 887 897 960 964
10 159 205 346 616 666 718 719 815 965 993
5 304 364 707 794 898
5 113 246 494 504 855
6 92 360 454 661 877 914
5 1 326 534 603 990
6 39 276 393 608 640 877
10 51 127 223 236 306 385 717 739 746 977
7 42 110 167 362 389 716 821
6 110 271 481 808 819 929
2 301 457
4 190 243 527 622
10 257 354 468 649 738 820 865 898 904 909
2 391 637
3 145 979 996
8 25 105 181 316 444 719 739 949
10 73 148 192 196 383 626 700 825 949 966
9 110 231 397 501 742 787 808 912 998
5 68 91 745 875 987
7 260 383 415 492 590 685 869
3 121 252 542
9 82 165 208 257 457 477 696 739 956
10 172 363 483 491 594 696 823 848 911 912
3 288 436 985
6 533 579 707 710 772 982
2 925 943
11 45 87 150 181 367 374 491 582 601 824 943
2 278 659
3 571 632 780
4 271 382 613 931
11 105 109 324 437 462 599 664 692 866 881 978
2 783 873
11 66 181 197 347 416 420 479 512 697 702 860
8 199 229 293 319 346 462 482 744
10 71 213 352 419 650 711 812 868 871 905
9 209 278 296 396 531 819 873 920 970
2 263 863
3 250 276 898
10 357 407 444 593 651 655 719 785 850 901
9 167 191 322 327 445 457 553 554 829
7 110 219 354 575 661 751 752
10 59 331 504 551 596 621 701 827 900 948
5 45 281 289 623 754
7 5 79 122 743 769 919 969
6 204 313 646 685 932 989
7 12 56 197 300 461 686 840
9 55 169 223 301 419 600 697 856 898
5 24 134 143 213 729
4 57 337 482 963
6 89 103 151 360 470 903
6 42 191 606 640 813 952
2 132 830
7 21 142 233 374 418 429 728
6 148 639 650 652 757 842
5 709 793 902 938 947
3 682 683 856
6 14 260 268 278 551 852
10 227 366 428 467 485 507 524 549 587 856
7 141 530 583 669 833 857 937
5 16 176 326 379 800
3 41 59 398
4 522 622 787 859
8 84 390 426 447 796 909 929 964
7 172 182 413 460 666 797 899
3 44 345 947
4 360 491 524 826
11 153 181 496 538 625 687 764 765 793 825 950
2 54 639
9 402 420 476 478 539 678 940 985 992
5 12 97 279 338 682
5 3 151 397 399 566
6 48 282 408 526 542 822
6 8 218 355 527 616 929
5 272 344 399 526 904
3 164 298 751
8 19 84 142 178 395 532 533 564
10 67 170 345 413 514 678 737 939 970 986
9 124 458 479 546 557 618 828 867 948
10 56 129 135 391 643 659 669 715 921 957
5 62 78 347 495 514
7 40 67 411 732 740 786 913
2 484 894
5 10 105 400 755 935
7 321 386 565 629 788 875 894
3 399 514 699
7 61 170 302 339 386 400 900
10 31 36 91 266 396 557 682 868 876 964
4 231 422 576 936
4 328 353 694 962
5 275 368 440 457 794
3 271 604 655
8 6 144 183 511 523 650 730 824
6 41 141 338 529 916 963
7 64 167 305 346 434 488 954
3 83 252 768
4 20 180 398 706
4 371 372 777 919
6 30 203 490 683 801 947
8 23 331 508 538 685 750 753 840
2 418 475
10 6 81 184 193 364 482 526 681 718 776
10 16 20 199 284 308 377 467 499 851 961
9 40 72 80 317 434 492 531 659 682
6 6 338 517 806 824 860
7 90 186 315 400 600 686 841
3 211 282 777
5 142 178 187 541 910
5 49 165 280 741 953
7 314 368 403 456 461 618 803
7 113 120 717 739 775 908 953
6 41 199 308 517 702 786
2 26 303
3 21 511 536
7 104 285 338 378 496 772 849
10 124 141 317 345 358 566 628 695 762 951
3 271 279 872
10 8 77 193 226 306 352 502 672 740 968
6 33 67 235 421 601 682
2 436 633
5 8 14 102 372 938
4 287 427 646 991
4 440 528 673 850
11 70 259 309 320 337 492 562 577 700 799 941
2 419 878
3 305 711 801
2 83 926
10 21 70 77 122 282 337 437 508 688 988
2 104 934
10 64 129 173 241 297 340 467 533 537 717
2 35 179
4 357 614 661 680
4 353 516 970 985
5 116 359 608 890 895
10 102 178 293 349 654 678 760 803 913 942
3 323 366 413
2 119 222
5 26 674 730 775 930
3 336 351 978
8 205 247 506 570 582 670 868 972
10 125 245 269 299 334 462 482 813 829 949
10 103 158 368 402 748 758 783 802 820 976
6 29 64 242 780 797 946
10 262 296 448 457 480 522 618 637 840 842
7 198 229 569 639 695 900 962
11 269 284 404 497 569 591 646 778 826 852 868
7 122 183 224 384 501 790 856
4 214 263 320 527
5 165 267 342 833 944
9 184 262 266 382 488 568 625 641 696
2 44 157
3 170 404 726
2 36 445
6 27 166 522 601 640 815
3 207 545 988
6 127 367 445 574 849 854
2 119 662
11 121 240 350 450 479 521 523 646 674 839 958
3 119 353 533
5 257 272 324 808 836
8 86 241 265 310 330 413 461 654
8 252 258 286 489 490 587 590 730
2 767 810
2 458 484
9 96 163 219 279 309 329 493 703 711
5 17 198 669 823 998
2 223 287
11 93 149 214 235 236 293 317 371 389 468 536
3 344 745 849
7 89 375 424 785 811 830 904
9 232 323 544 693 722 724 831 968 978
9 26 213 219 307 501 600 715 961 968
4 519 556 670 791
9 97 174 249 437 528 760 862 873 924
7 66 79 272 574 691 866 921
5 86 167 457 562 634
5 18 556 685 846 850
8 56 252 257 336 354 602 936 971
2 699 931
11 95 169 318 557 583 664 668 719 724 809 912
9 64 78 100 333 535 604 629 734 944
5 2 131 293 435 668
3 72 317 881
10 54 222 447 482 633 639 740 870 896 914
10 8 20 218 257 459 651 689 694 732 952
7 103 232 584 620 839 863 985
9 121 330 473 611 616 735 825 867 984
3 121 228 451
5 32 327 628 630 838
8 26 146 175 241 476 641 838 874
10 11 31 337 452 510 528 641 715 731 899
2 677 697
6 175 209 297 503 718 839
2 585 619
4 36 370 409 527
7 369 417 595 739 843 910 956
2 96 788
4 50 70 684 737
9 232 243 461 623 796 825 827 915 924
3 198 554 853
3 8 409 882
5 32 450 819 883 895
6 53 304 470 539 547 774
5 411 529 661 749 916
2 282 592
3 157 504 792
5 60 266 668 689 971
7 148 189 230 561 585 613 832
7 338 411 445 604 822 847 952
9 8 185 300 432 712 733 846 945 961
2 86 958
5 33 158 249 547 584
9 6 12 32 178 325 423 781 789 942
6 51 270 287 468 488 941
11 24 102 168 186 355 383 412 420 455 615 876
2 568 739
2 537 949
11 92 137 161 183 204 227 402 479 576 612 751
10 24 266 269 287 379 503 575 699 940 971
2 469 749
8 29 147 219 263 582 786 824 952
7 88 101 416 588 599 931 970
2 127 797
7 134 208 212 229 273 362 367
6 564 584 640 736 822 976
2 847 950
6 167 171 344 574 672 702
3 170 764 828
8 59 99 134 208 237 299 467 663
4 565 655 721 933
10 62 176 320 736 812 827 871 924 951 991
11 44 96 118 140 168 335 369 377 378 417 481
6 170 300 301 426 541 612
11 84 232 243 368 386 551 803 858 912 918 983
6 92 350 386 488 715 776
5 204 398 457 917 978
11 92 146 275 444 670 717 758 804 903 948 981
4 84 334 749 958
3 60 401 990
5 198 276 442 694 869
11 109 143 191 303 366 544 556 618 720 744 775
8 304 454 481 482 621 646 861 958
4 432 434 448 650
9 115 225 276 310 389 680 756 845 934
4 284 295 575 960
8 8 86 316 362 403 715 860 954
6 164 343 500 808 964 977
5 262 478 672 828 888
2 152 222
7 70 373 510 590 792 838 915
9 9 199 444 466 651 675 764 897 959
9 119 653 717 765 883 935 939 946 957
10 278 279 338 378 423 559 747 818 875 974
5 116 208 381 458 589
7 57 83 247 371 659 901 982
11 80 112 457 609 626 673 726 784 799 973 978
6 57 66 443 526 556 874
6 535 586 690 777 827 891
2 197 856
4 310 398 822 869
7 138 306 309 366 554 751 858
7 110 459 511 521 614 743 905
7 46 290 385 390 402 762 797
10 19 61 74 140 145 165 702 740 843 949
3 306 467 851
3 8 157 784
8 70 110 406 543 619 699 722 764
11 99 216 294 309 344 345 358 607 835 902 947
11 15 217 242 298 497 691 766 951 956 973 985
7 228 255 321 637 807 968 990
5 57 132 446 768 780
3 142 314 645
2 382 905
6 134 286 536 709 736 946
9 296 299 436 453 520 556 769 791 885
6 144 161 368 734 765 893
4 215 342 476 721
6 140 153 398 663 937 956
8 107 117 137 294 432 460 506 567
5 514 551 565 784 929
6 6 121 175 406 875 884
8 50 108 142 255 538 681 824 965
8 23 34 171 398 654 663 753 774
3 22 125 257
4 14 460 494 651
11 91 194 224 328 440 469 648 665 737 738 931
3 152 381 899
6 17 47 87 213 505 652
9 54 167 234 288 364 405 565 756 862
4 256 466 553 676
4 209 281 297 657
10 15 68 208 234 282 293 470 475 558 818
7 24 605 611 639 769 832 947
8 232 328 402 470 558 790 806 958
8 96 189 309 402 607 637 957 992
8 91 204 222 372 408 427 710 773
4 303 359 501 817
8 90 178 274 514 623 634 713 774
2 226 841
11 17 154 235 251 484 519 534 607 654 664 836
10 83 93 428 695 698 712 740 806 812 886
2 458 469
4 434 698 858 914
11 48 175 230 304 498 627 650 696 788 891 994
2 71 327
2 311 427
2 188 341
11 5 98 135 145 306 651 658 728 767 889 955
10 142 155 183 273 326 329 370 527 558 926
5 204 296 450 714 916
6 38 187 489 503 513 946
5 72 297 311 427 502
8 3 87 505 544 707 758 924 971
3 428 909 938
7 30 113 300 485 715 816 855
9 49 151 215 403 432 502 526 583 655
