470 940
10 102 362 374 550 596 619 621 727 791 823
9 286 310 326 422 455 500 588 754 772
7 96 104 160 195 342 677 835
5 1 57 168 253 781
7 11 65 284 333 711 854 867
9 73 172 211 264 413 477 493 750 758
4 66 241 754 771
2 210 298
9 116 154 309 565 603 607 682 764 871
826 1 2 3 4 5 8 11 12 13 14 15 16 17 18 19 20 21 22 23 24 25 26 27 28 29 30 31 32 33 34 35 36 37 38 39 40 42 43 45 46 47 48 49 50 51 52 53 54 55 56 57 58 59 61 62 64 65 66 67 69 70 71 72 73 74 75 76 77 78 79 80 81 82 83 84 85 86 87 88 89 90 91 92 93 94 95 96 97 98 99 100 101 103 104 105 106 107 108 110 111 112 113 114 115 116 117 118 119 121 122 123 124 125 126 127 128 129 130 131 132 133 134 135 136 137 138 139 140 142 143 144 145 146 147 148 149 151 152 153 154 156 157 158 159 160 161 162 165 166 167 168 169 170 171 172 173 174 175 176 177 178 179 180 181 182 183 184 185 187 188 189 190 191 192 194 195 197 199 200 201 202 203 205 206 207 208 209 210 211 212 213 214 215 218 219 221 224 225 226 227 228 231 233 234 236 237 238 239 240 241 242 243 244 245 246 248 249 252 253 254 255 256 257 258 259 260 261 262 263 264 265 266 267 268 269 270 272 273 274 275 276 277 278 279 280 281 282 283 284 285 286 287 288 290 291 292 293 294 295 296 298 299 300 301 302 303 304 305 306 307 308 309 310 311 312 313 314 316 317 318 319 320 321 322 323 324 325 326 327 328 329 330 331 332 333 334 335 336 337 338 339 341 342 343 344 345 346 347 348 349 350 351 352 353 354 355 356 359 360 361 362 363 364 365 366 367 368 369 370 371 373 374 375 376 377 378 379 380 381 382 384 385 386 387 388 389 390 391 392 393 395 396 397 398 399 400 401 402 403 404 405 406 407 408 409 410 411 412 413 414 415 416 419 420 421 422 423 424 427 428 429 431 432 433 434 435 436 437 438 440 441 442 443 444 445 446 447 448 449 450 451 452 453 454 455 456 457 458 459 460 461 462 463 464 465 468 469 470 471 472 473 474 475 477 480 481 483 484 485 486 488 489 490 491 492 493 495 497 498 499 500 501 502 503 504 505 506 507 508 509 510 511 512 513 514 515 517 518 519 520 521 522 523 524 525 526 527 528 529 530 531 532 533 534 535 536 539 540 541 542 543 544 545 546 548 549 550 551 552 553 554 555 556 557 558 559 561 562 563 564 565 566 567 568 569 570 571 572 573 574 575 576 577 579 580 581 582 583 585 587 588 589 591 593 594 595 596 598 599 600 601 604 606 607 608 609 610 611 612 613 614 615 616 617 618 619 620 621 623 624 625 626 627 628 629 630 631 632 633 634 636 637 638 639 640 641 642 643 644 645 646 647 648 649 650 651 653 655 657 658 659 660 661 662 663 664 665 667 668 669 670 672 673 674 675 677 678 679 681 682 683 684 685 686 687 688 689 691 692 693 696 697 698 699 700 702 703 704 705 706 708 709 710 711 713 714 715 716 717 718 719 720 721 722 723 725 726 727 728 729 730 731 732 733 734 735 736 738 739 740 741 742 743 744 745 747 749 750 751 752 753 754 755 756 757 758 759 760 761 762 763 764 765 766 767 768 769 770 771 772 773 774 775 777 778 779 781 782 783 784 785 786 787 788 789 790 791 793 794 795 796 797 798 799 800 801 802 803 804 805 806 807 808 809 810 811 812 813 814 815 817 819 821 822 823 824 825 826 827 828 829 830 831 833 835 836 838 839 840 842 843 844 846 847 848 849 850 851 852 853 854 855 857 858 860 861 863 865 866 867 868 869 873 874 875 876 877 878 879 880 881 882 883 884 885 886 887 888 889 890 891 892 893 894 895 896 898 899 900 901 902 903 904 905 906 908 909 910 911 912 913 914 915 916 917 918 919 920 921 923 924 925 926 927 928 929 931 932 933 934 935 936 937 938 939 940
6 70 76 171 192 471 649
2 379 613
7 84 97 149 232 345 594 807
6 129 250 300 472 570 873
11 232 310 320 492 512 536 549 554 671 832 892
11 30 86 218 284 302 468 611 710 753 844 877
3 140 637 707
8 311 375 497 682 734 753 791 902
8 7 235 352 545 558 570 633 662
7 36 63 79 89 267 376 602
2 506 584
5 465 479 561 694 761
10 30 177 249 262 265 359 432 664 750 751
8 245 291 488 519 545 563 687 761
4 597 612 708 879
3 484 805 813
3 68 411 439
2 599 795
2 65 268
2 406 586
3 163 789 858
8 44 148 211 412 545 783 903 928
9 168 178 268 431 565 731 863 878 893
6 8 93 106 376 413 693
11 245 306 324 375 442 445 452 508 565 628 864
5 241 332 454 746 758
2 36 142
11 92 191 209 309 312 473 524 628 785 799 880
6 65 177 227 659 735 778
7 100 118 213 223 241 339 887
9 117 238 433 596 647 699 726 792 925
8 32 162 173 250 341 660 698 762
3 74 674 695
4 209 399 523 638
8 449 713 724 749 789 819 910 911
2 482 787
7 140 414 493 507 524 580 687
9 10 54 220 297 377 491 630 765 784
6 30 209 241 457 670 746
6 30 100 712 816 865 890
5 61 104 161 219 767
6 211 461 612 801 903 912
11 50 59 170 302 386 486 498 594 613 677 700
6 76 148 230 349 607 611
6 113 179 208 234 300 398
3 38 628 777
10 36 95 195 249 405 602 639 700 740 880
10 203 224 290 452 538 598 739 902 910 933
4 427 608 662 853
5 25 41 283 583 627
3 273 424 577
8 173 319 434 568 745 827 849 930
11 3 37 44 101 205 226 516 531 606 690 734
6 71 84 146 274 612 933
4 56 112 799 839
7 63 226 309 665 755 757 897
7 486 500 774 795 827 829 888
4 149 345 827 843
9 10 59 63 296 496 665 677 750 811
4 587 714 740 798
11 32 141 197 245 508 610 650 723 859 860 931
5 2 93 131 532 645
4 67 574 636 832
11 239 293 401 594 601 725 806 858 863 895 934
5 138 170 197 458 855
5 220 487 500 529 542
6 367 439 603 610 687 858
8 165 214 364 465 524 620 882 910
9 25 49 330 417 496 555 669 865 899
9 2 11 60 210 249 337 602 624 740
8 442 558 591 632 666 690 715 730
5 489 493 754 784 928
6 317 464 734 791 907 917
7 117 150 156 242 306 700 705
11 5 36 169 180 312 430 499 733 739 765 928
5 188 193 569 711 754
2 265 679
5 426 672 697 735 894
4 325 539 562 740
9 32 92 356 423 425 524 542 652 704
6 25 62 106 181 329 572
6 111 122 240 571 912 916
8 32 90 112 332 345 528 824 889
5 190 271 485 661 713
7 44 50 263 749 814 890 933
5 173 264 564 699 738
5 476 557 595 663 759
11 79 85 179 289 521 597 632 774 791 843 924
11 33 77 139 305 428 501 522 583 721 753 790
7 21 206 532 564 699 798 847
9 58 163 218 258 259 502 525 573 791
6 282 455 561 591 685 840
6 366 561 627 690 695 781
10 165 166 412 417 476 493 716 748 758 840
3 44 416 532
4 100 630 740 752
6 137 365 582 589 763 902
7 20 132 449 507 710 719 888
10 22 396 408 472 500 552 835 849 856 935
11 13 60 260 263 272 309 411 516 631 715 869
2 252 497
8 90 245 296 411 489 502 520 932
11 81 88 99 129 218 334 406 546 722 782 813
11 83 93 174 238 252 273 509 570 631 653 688
5 192 421 631 853 874
8 90 198 622 629 657 673 854 859
5 131 258 351 358 868
2 318 896
8 86 341 540 586 807 879 908 931
6 151 262 320 438 564 783
10 73 615 636 724 755 763 779 835 871 901
8 109 277 285 330 333 501 666 713
9 88 106 111 463 529 748 796 878 880
6 29 585 738 770 818 887
2 205 875
10 4 29 72 152 165 463 556 580 641 784
9 219 600 642 685 743 815 863 867 881
11 12 37 76 79 187 472 494 656 677 826 927
6 175 363 366 576 746 774
7 93 316 320 345 394 462 859
2 137 893
5 6 341 420 533 795
3 291 448 583
8 120 199 266 368 613 637 725 773
9 107 110 121 262 373 635 709 781 901
8 103 136 451 497 503 618 649 908
6 157 183 201 799 892 939
8 63 68 130 183 453 455 555 891
9 1 53 257 473 564 612 799 853 909
2 21 903
11 352 389 494 528 562 647 712 723 724 858 879
8 115 235 236 276 453 563 679 691
7 236 264 285 345 453 722 753
3 6 48 716
3 175 220 600
11 69 111 265 293 415 465 626 632 686 884 900
3 295 706 886
9 18 50 227 310 622 665 745 787 794
10 93 109 174 216 243 262 340 425 888 893
2 486 510
2 420 478
10 90 178 238 360 361 419 459 653 793 898
5 53 404 423 463 656
10 56 83 108 156 383 511 528 572 645 689
2 448 591
3 202 291 523
7 5 81 93 170 223 429 810
6 380 570 574 598 634 930
4 226 473 528 544
9 7 18 74 129 530 601 720 799 930
6 10 508 579 718 765 863
4 194 304 483 629
9 46 208 346 426 557 568 591 725 920
3 191 825 872
6 216 295 668 717 754 913
8 45 306 375 400 431 491 600 871
4 531 564 575 857
11 75 130 304 347 399 604 619 681 738 760 912
11 45 197 244 261 269 345 517 522 670 864 911
7 4 273 398 400 651 729 887
7 18 51 89 362 581 592 840
2 64 166
11 65 132 183 204 252 388 534 553 614 664 810
10 42 125 291 341 364 510 677 704 731 786
6 58 91 181 396 576 702
9 332 340 485 653 668 731 873 912 928
10 69 169 263 276 294 333 520 708 900 924
6 57 90 126 510 645 669
11 76 130 198 348 610 663 714 716 792 934 936
8 32 166 289 415 590 598 819 850
7 50 111 144 350 626 649 885
9 19 23 127 232 271 285 382 388 724
8 60 107 117 339 341 466 797 927
11 235 306 406 492 610 646 648 726 735 863 871
10 151 208 327 401 637 786 799 875 876 885
2 133 633
6 31 116 165 486 769 869
10 32 143 177 220 570 684 732 790 838 886
2 307 782
3 209 618 755
2 107 841
2 261 481
10 97 368 379 529 641 747 748 770 856 897
11 59 145 171 202 243 327 424 472 675 733 935
9 22 410 475 484 603 626 698 847 940
6 281 368 491 597 611 915
11 99 179 187 213 291 351 366 538 679 682 844
9 314 480 589 655 668 736 740 840 936
6 61 345 579 605 803 858
5 50 141 268 534 794
11 23 92 262 476 553 616 674 775 777 895 898
9 52 85 439 657 699 734 755 774 805
3 37 369 790
8 56 275 497 521 668 775 781 901
8 204 227 249 340 506 543 565 857
9 47 87 98 124 126 482 497 650 767
3 397 774 793
9 39 45 316 455 565 642 650 730 889
5 102 139 319 378 522
5 201 387 484 721 780
6 76 302 409 737 738 750
9 375 422 523 533 586 600 601 693 820
11 185 259 273 291 520 559 654 710 839 919 927
4 315 413 582 834
4 248 603 732 838
9 2 97 374 377 391 459 670 798 880
3 530 657 855
4 151 290 481 653
2 151 382
3 6 152 279
10 39 74 97 261 330 348 432 446 794 828
8 24 112 144 383 619 679 717 925
7 185 360 390 530 576 602 831
4 551 574 753 871
8 12 22 86 200 529 571 720 788
8 183 274 313 431 551 584 741 912
3 52 145 750
7 47 120 147 302 445 528 553
6 33 500 547 617 715 770
6 3 318 684 692 769 912
5 216 324 569 687 690
3 88 113 794
10 6 28 96 160 211 355 554 556 700 753
9 60 107 216 500 585 726 825 832 917
11 108 124 144 168 179 311 317 455 767 872 895
11 37 66 208 289 321 379 416 669 764 768 862
7 89 96 313 549 564 823 866
9 108 300 334 356 404 487 591 815 825
7 23 154 188 250 601 604 693
9 204 303 374 391 420 554 715 875 927
8 45 141 510 517 549 692 729 820
8 23 152 250 563 570 670 676 681
7 27 91 112 170 238 286 398
5 244 358 396 594 859
4 267 367 728 916
9 236 266 334 351 417 590 623 639 760
4 104 176 263 902
8 53 187 617 620 640 678 727 907
7 352 666 704 767 804 872 882
3 103 707 793
5 133 148 381 467 686
10 5 186 220 222 593 732 788 795 805 913
5 41 244 425 550 824
11 116 165 472 474 581 584 672 696 759 781 910
3 743 762 842
5 34 121 470 753 754
6 26 38 73 139 427 595
10 1 35 114 254 272 435 451 767 894 923
10 9 122 268 469 693 750 778 793 894 911
10 69 96 390 441 510 516 789 849 899 909
5 353 426 508 774 873
9 32 373 411 415 435 742 747 753 789
3 110 869 889
4 9 150 198 731
5 89 196 630 776 825
7 110 533 606 625 858 881 889
7 8 147 449 519 798 851 889
3 67 184 863
4 172 615 642 917
3 4 570 699
6 240 269 469 541 584 875
7 53 239 243 582 796 811 856
5 11 83 387 413 788
7 16 77 96 208 270 740 798
7 84 402 437 473 495 587 829
3 184 196 198
6 557 616 688 705 858 886
7 259 448 505 659 661 739 849
8 308 478 488 620 650 672 728 918
11 132 147 265 281 354 459 545 647 650 787 922
6 4 27 147 190 596 868
5 48 470 566 594 838
10 36 102 171 221 246 352 622 640 848 855
3 535 850 903
4 91 129 664 711
7 7 189 663 763 821 836 936
3 212 253 664
2 741 922
5 57 297 537 605 755
7 72 264 267 270 303 388 625
2 458 758
8 300 305 306 355 380 463 499 798
6 166 240 295 423 742 924
3 623 876 905
8 84 144 234 348 478 693 734 738
2 84 318
10 104 173 334 372 448 513 605 679 693 930
8 86 158 217 525 557 688 799 883
3 382 408 546
3 168 335 677
8 104 371 491 495 522 619 781 906
9 37 215 231 272 299 308 509 537 869
8 143 285 379 405 479 575 652 838
5 182 797 810 852 863
8 108 404 454 501 509 673 677 870
2 100 358
8 56 229 332 386 436 735 853 919
7 309 355 523 559 629 638 816
3 232 668 872
4 42 508 608 798
10 20 240 271 424 469 507 561 739 766 786
8 33 146 283 401 437 546 672 768
6 147 363 365 433 575 909
11 107 238 320 444 519 610 633 700 726 790 843
4 85 236 392 395
4 28 184 555 647
5 39 70 300 464 821
8 303 319 504 647 704 711 712 932
3 270 661 806
2 323 769
11 126 337 449 620 647 661 694 715 843 906 934
10 73 121 345 436 636 798 846 883 913 926
10 3 99 165 310 384 402 403 651 742 836
11 10 50 130 182 197 518 655 727 838 846 932
9 196 336 374 478 488 572 605 644 817
10 9 381 382 384 388 484 518 691 730 924
5 257 324 439 843 934
3 74 273 336
3 150 319 588
10 17 81 172 190 493 872 893 914 921 927
5 87 163 175 391 860
6 45 214 464 530 664 850
4 10 507 510 560
11 24 26 43 265 331 350 396 576 662 779 780
6 99 249 454 685 715 722
5 351 353 426 655 935
4 215 305 736 910
7 8 256 389 571 631 681 920
7 23 167 216 367 380 690 899
8 101 116 150 232 515 581 853 860
10 10 22 65 497 499 515 706 744 798 812
7 32 224 335 497 520 754 766
8 49 184 228 297 302 362 549 818
6 255 434 485 644 816 910
7 45 68 309 374 416 564 711
8 113 183 311 385 426 492 552 922
8 126 138 217 252 381 599 649 678
10 96 149 488 491 552 696 697 811 834 846
5 158 355 394 469 593
7 190 201 212 489 594 693 852
5 8 65 145 439 855
2 741 831
10 3 216 304 475 525 648 772 778 840 899
9 51 279 420 571 586 670 746 830 940
8 74 198 372 414 458 610 704 808
7 39 150 471 474 681 696 851
9 158 266 437 463 478 536 596 617 743
11 2 75 104 332 414 482 507 689 747 796 859
5 133 289 368 750 886
8 358 580 583 620 639 703 824 932
10 228 275 426 445 489 540 640 774 792 854
5 419 424 589 618 802
4 293 318 587 694
7 56 103 272 407 487 621 677
8 69 149 289 546 553 691 719 747
2 118 676
4 153 197 410 465
4 7 550 700 826
10 43 84 121 186 238 352 553 641 642 926
3 598 907 924
5 73 473 650 837 843
5 458 529 621 668 840
10 1 139 159 393 543 572 607 860 877 938
3 44 116 223
3 90 224 523
5 10 264 328 665 720
2 346 855
5 129 234 323 702 824
7 230 234 344 382 472 636 828
11 8 187 423 492 501 596 705 734 855 901 939
6 73 180 184 817 911 928
6 128 189 268 431 497 850
5 72 203 878 888 903
5 51 80 172 189 659
4 234 333 746 854
4 43 47 252 732
10 101 222 242 408 493 557 564 699 858 868
3 272 501 832
2 18 653
5 233 381 477 630 726
3 228 277 840
3 26 169 544
2 160 696
7 80 303 476 590 624 774 872
7 30 154 206 224 579 599 754
4 32 414 501 801
3 384 407 758
9 67 114 207 255 282 580 603 704 758
2 153 428
5 23 94 192 424 824
2 91 607
6 76 194 315 758 767 904
5 24 303 420 653 774
6 326 358 603 615 709 741
3 299 442 526
11 245 313 432 438 540 644 713 721 730 751 879
2 353 869
4 452 628 647 802
11 4 64 163 272 320 434 559 588 662 704 839
8 130 207 433 716 735 764 781 800
8 82 99 127 157 308 511 704 759
9 14 16 67 360 386 392 659 739 883
9 20 150 276 465 618 705 773 808 812
8 36 150 339 345 600 628 645 657
7 392 426 429 473 524 760 863
9 298 378 468 511 519 583 646 889 909
5 114 307 431 519 666
11 376 394 522 595 597 618 772 785 810 870 939
3 5 284 486
3 432 819 863
6 92 99 544 587 879 912
6 40 219 406 706 771 818
10 266 299 314 380 482 507 834 838 871 922
6 322 326 437 714 859 895
4 12 403 671 807
10 166 254 334 387 622 653 760 796 890 929
6 318 430 646 652 808 926
9 9 332 364 366 495 497 591 651 891
3 215 385 480
11 24 70 336 397 499 688 711 718 733 747 827
11 52 319 367 568 611 701 715 762 848 866 927
10 11 356 489 523 588 605 710 718 888 917
4 333 657 743 776
9 153 158 200 234 273 633 700 842 892
4 312 617 686 922
8 90 278 349 378 384 770 779 814
10 13 121 298 432 441 531 669 688 742 821
10 124 218 287 422 442 478 526 596 702 937
5 292 320 416 673 930
5 113 315 563 676 868
5 31 76 206 744 844
10 55 119 147 237 248 275 492 537 748 813
7 78 136 208 248 539 558 741
11 62 89 413 423 464 630 659 759 791 815 826
10 148 198 385 420 455 493 582 724 777 885
6 7 147 541 605 720 753
8 25 113 231 311 530 728 825 927
2 164 756
8 133 179 201 228 390 405 714 889
5 223 358 430 680 883
8 20 282 326 503 517 525 729 843
11 9 19 98 104 406 568 592 670 748 872 907
2 207 546
10 149 273 366 367 370 425 539 689 757 852
10 64 139 214 314 338 368 464 616 841 845
11 3 82 98 524 610 662 720 815 823 856 870
7 53 114 295 361 418 591 813
4 41 367 806 829
4 134 265 280 493
8 10 283 299 389 587 667 871 882
2 245 668
4 22 88 456 661
4 289 445 451 654
9 33 42 82 86 170 623 784 856 919
4 7 529 540 831
9 145 193 358 439 781 825 864 937 940
8 286 385 399 468 583 855 864 881
8 237 239 268 372 666 736 797 934
2 81 256
7 55 246 351 644 794 824 896
