987 987
12 19 220 259 338 433 471 478 497 720 855 899 987
15 19 79 95 220 383 433 497 669 695 699 720 849 894 936 987
15 19 50 220 383 430 433 479 497 526 627 720 817 894 944 987
17 19 33 95 220 236 327 383 433 497 506 664 695 720 849 894 936 987
17 1 19 32 64 68 168 220 264 293 369 396 433 451 675 890 891 987
17 19 32 83 157 168 202 220 396 433 451 612 675 739 808 837 926 987
18 154 212 216 220 222 233 312 350 424 433 531 534 562 638 700 758 822 987
12 19 220 259 338 433 471 497 561 720 855 889 987
15 87 141 158 185 217 220 347 433 437 579 658 694 749 864 878
15 19 32 53 135 168 213 220 396 400 433 451 515 675 891 987
16 17 93 189 197 210 220 302 433 485 694 712 741 759 761 804 971
15 19 33 95 220 236 327 383 433 497 695 720 849 894 936 987
12 99 189 197 220 260 408 433 681 694 712 727 813
14 94 99 189 197 220 260 408 433 681 694 712 727 813 939
13 19 27 32 220 332 433 552 566 588 677 907 934 987
16 10 11 220 233 282 292 350 433 463 530 615 623 657 700 880 987
17 19 106 220 246 301 361 433 459 503 560 590 602 720 778 785 852 987
18 86 165 216 220 233 238 273 324 350 387 433 531 661 700 726 883 953 987
14 19 32 92 220 332 433 519 575 588 686 812 934 945 987
14 11 69 119 140 173 220 233 266 350 433 548 551 700 987
16 19 32 65 83 168 220 396 402 433 442 451 641 675 808 957 987
14 19 220 246 299 433 503 560 587 603 720 778 816 905 987
13 73 204 216 220 233 350 432 433 531 534 700 776 987
11 19 166 220 338 433 471 497 720 855 909 987
14 94 99 189 197 220 260 408 433 681 694 712 727 813 939
9 207 216 220 233 350 433 700 814 987
14 189 195 197 220 287 302 433 441 576 691 694 712 773 784
15 19 32 47 220 332 428 433 444 454 455 588 809 812 934 987
12 19 27 32 81 220 332 433 588 639 768 934 987
18 19 95 155 220 310 339 383 433 497 536 645 695 720 743 824 839 894 987
12 19 151 220 246 311 433 503 560 720 732 767 987
15 19 211 220 315 383 390 433 497 695 720 845 894 898 935 987
13 19 139 220 246 311 433 503 560 720 770 911 933 987
16 160 189 220 252 313 336 368 370 433 446 608 694 712 752 757 830
11 141 185 217 220 309 433 633 658 667 694 749
17 175 216 220 233 284 350 382 433 531 534 572 620 685 700 758 762 987
12 141 185 217 220 433 489 508 624 694 696 749 786
15 19 45 194 220 224 344 383 433 479 497 532 720 894 927 987
12 123 189 215 220 433 565 604 694 712 752 757 941
14 99 189 193 197 220 260 408 433 653 673 694 712 727 813
18 216 220 222 233 256 305 350 433 476 531 534 562 593 700 758 822 865 987
15 141 185 217 218 220 228 425 433 489 694 749 786 795 901 929
15 19 32 83 91 168 220 322 396 433 451 538 675 800 968 987
17 19 32 35 75 168 213 220 396 433 451 515 630 675 708 891 946 987
15 19 29 220 271 294 338 433 449 471 497 692 720 733 861 987
14 19 220 224 383 433 479 497 501 680 720 803 894 927 987
18 216 220 222 233 256 350 433 473 476 531 534 553 562 593 700 758 822 987
13 19 32 148 220 316 353 433 464 588 820 833 934 987
13 19 32 133 220 422 433 460 588 709 723 729 782 987
15 19 194 220 224 383 433 479 495 497 532 720 894 927 950 987
15 19 32 168 213 220 396 400 433 451 515 611 675 891 892 987
13 99 189 197 220 260 408 433 496 606 694 712 727 908
13 11 13 220 233 350 433 458 463 610 623 657 700 987
17 19 29 179 220 245 271 294 338 433 449 471 497 692 720 733 861 987
16 19 95 149 220 254 374 383 433 497 695 720 834 894 936 976 987
11 216 220 233 350 433 531 534 700 776 863 987
15 175 216 220 233 350 382 433 531 534 700 758 869 917 955 987
11 99 189 197 220 260 408 433 606 694 712 727
15 19 220 227 237 271 288 338 433 471 497 559 586 720 733 987
17 11 208 220 233 350 433 463 530 556 615 623 628 657 700 721 880 987
15 11 122 220 233 350 433 463 487 623 657 700 853 880 978 987
17 86 165 216 220 233 324 350 387 404 433 443 531 661 700 726 888 987
14 175 216 220 233 350 382 433 531 534 700 758 869 917 987
16 78 216 220 222 233 350 433 476 531 534 562 593 700 758 822 987
12 141 185 217 220 433 489 508 624 694 696 749 786
17 86 165 216 220 233 324 350 387 404 433 477 531 661 700 726 888 987
13 19 32 220 332 433 588 636 750 755 809 812 934 987
12 86 216 220 233 324 350 387 433 531 700 726 987
17 19 24 32 220 332 433 454 540 564 588 744 745 809 812 934 937 987
16 3 116 192 207 216 220 233 290 350 433 445 527 542 632 700 987
14 19 32 54 109 162 220 411 433 451 482 675 735 738 987
15 11 34 220 233 350 386 433 457 465 494 548 589 700 724 987
11 160 189 220 313 433 446 608 694 712 752 757
15 11 74 122 220 233 350 433 448 463 484 623 657 700 880 987
14 15 19 32 220 433 460 486 588 709 713 729 782 963 987
6 19 32 220 433 451 987
16 99 189 197 203 220 260 408 433 496 545 574 606 690 694 712 727
18 216 220 222 233 256 305 350 433 476 531 534 562 593 700 758 822 865 987
15 19 27 32 89 220 332 337 433 566 588 677 687 907 934 987
14 19 220 383 433 479 497 627 716 720 817 893 894 983 987
18 19 25 187 220 383 390 401 431 433 461 497 595 622 695 720 894 898 987
15 189 220 232 355 357 393 433 436 446 462 694 712 752 757 836
15 123 189 220 375 433 439 565 578 619 640 694 712 752 757 941
12 87 141 185 217 220 347 433 437 658 694 701 749
18 86 90 216 220 233 249 296 324 350 387 433 531 591 661 700 726 881 987
17 11 220 233 265 349 350 373 386 433 465 494 548 700 724 896 940 987
12 189 220 313 325 433 446 529 608 694 712 752 757
13 189 195 197 220 287 302 433 576 691 694 712 773 784
12 12 19 101 139 220 246 311 433 503 560 720 987
14 19 95 220 277 383 433 497 660 695 720 743 894 980 987
16 93 189 197 210 220 234 302 412 433 580 694 712 761 793 851 967
13 19 220 237 271 338 433 471 497 720 733 819 879 987
12 216 220 233 350 413 433 531 534 700 776 863 987
14 19 27 32 220 332 433 552 566 588 677 835 907 934 987
14 19 188 220 383 403 433 479 497 720 787 823 894 927 987
16 19 32 62 83 91 168 220 322 396 433 451 505 538 675 968 987
14 19 151 220 246 311 433 503 554 560 584 720 740 748 987
16 26 154 216 220 222 233 350 424 433 531 534 562 700 758 822 987
13 19 220 246 433 503 525 560 587 603 720 778 905 987
13 12 19 101 139 220 246 311 433 503 560 668 720 987
13 19 166 220 338 342 433 470 471 497 720 855 909 987
14 19 220 383 433 479 497 648 720 780 823 894 927 977 987
13 19 32 220 332 433 588 636 750 755 809 812 934 987
15 30 63 93 189 197 220 302 433 516 647 651 654 694 712 840
15 19 32 62 83 91 168 220 322 396 433 451 538 675 968 987
18 86 165 216 220 233 238 324 350 387 433 531 661 700 726 766 883 924 987
16 19 67 95 220 254 374 383 433 497 695 720 875 894 913 936 987
15 19 32 83 157 168 220 396 433 451 612 675 739 808 926 987
12 86 216 220 233 350 387 433 468 531 700 726 987
15 19 32 54 109 162 220 223 262 366 411 433 451 482 675 987
13 19 220 383 433 479 497 627 720 817 893 894 983 987
12 121 141 185 217 220 419 433 437 504 658 694 749
12 19 27 32 220 278 332 433 588 677 907 934 987
17 4 19 32 83 168 220 396 433 451 612 675 737 739 806 808 943 987
16 152 175 216 220 233 350 382 433 531 534 637 700 758 762 897 987
10 189 220 433 446 694 712 752 757 836 871
16 19 32 220 332 356 433 454 569 588 744 745 809 812 934 937 987
14 116 207 216 220 233 257 350 433 629 683 700 790 965 987
18 19 32 75 76 168 213 220 396 433 451 499 515 630 665 675 891 946 987
13 19 220 246 433 503 560 587 603 720 778 816 905 987
16 11 13 220 233 350 433 440 458 463 599 610 623 657 700 825 987
16 160 171 189 220 252 313 433 446 608 694 712 752 757 886 900 928
17 60 93 145 174 189 197 210 220 302 308 423 433 655 694 712 761 851
17 19 32 83 91 112 168 220 251 322 396 433 451 538 675 800 968 987
18 60 93 145 174 189 197 210 220 248 302 308 348 433 694 712 761 851 954
13 116 207 216 220 233 291 350 433 629 683 700 730 987
17 19 95 155 220 310 328 339 383 433 497 536 671 695 720 743 894 987
16 11 42 74 122 220 233 350 433 463 623 657 700 880 902 972 987
15 19 27 32 89 220 332 337 433 566 588 677 687 907 934 987
16 11 191 220 233 334 349 350 386 433 465 494 509 548 700 724 987
13 99 189 197 220 260 408 433 653 673 694 712 727 813
15 19 32 48 70 168 213 220 396 433 451 515 630 675 891 987
16 17 93 189 197 210 220 231 302 381 433 485 694 712 761 971 974
15 160 189 220 252 313 433 446 608 694 712 752 757 886 900 928
7 189 197 220 260 433 694 712
13 116 207 216 220 233 290 350 433 522 527 700 810 987
14 19 166 220 279 338 392 433 471 497 656 720 799 855 987
14 19 32 54 109 162 220 262 366 411 433 451 482 675 987
13 11 97 130 220 233 297 350 433 548 700 724 838 987
17 26 154 216 220 222 233 247 350 424 433 531 534 562 700 758 822 987
15 1 19 32 68 168 206 220 293 396 433 451 675 890 891 987
10 19 32 148 220 316 433 588 833 934 987
16 9 93 189 197 220 302 364 433 647 651 654 672 694 712 840 925
17 160 184 189 220 252 313 368 377 433 446 608 694 712 752 757 760 802
14 93 189 197 214 220 302 372 433 647 651 694 712 840 922
17 4 19 32 39 83 110 168 220 335 396 433 451 612 675 739 808 987
17 19 32 65 83 168 201 220 396 402 433 442 451 492 675 676 808 987
15 11 220 233 350 385 433 463 475 594 610 623 657 700 918 987
14 18 123 189 215 220 433 546 565 694 712 752 757 827 941
17 116 131 207 216 220 225 233 290 350 433 520 522 527 609 700 846 987
17 99 189 190 197 220 260 321 408 433 496 514 545 606 694 712 719 727
15 86 216 220 233 324 350 387 433 531 661 700 726 866 881 987
11 56 123 138 189 220 433 491 694 712 752 757
16 86 200 216 220 233 324 350 387 433 531 661 700 726 866 881 987
17 11 21 144 220 233 298 350 433 465 548 634 700 724 842 867 895 987
14 160 189 220 252 313 368 377 433 446 608 694 712 752 757
16 11 220 233 350 360 386 433 465 494 548 589 700 724 906 948 987
15 19 95 220 254 374 383 433 497 695 720 875 894 913 936 987
12 19 220 271 338 433 449 471 497 720 733 861 987
12 93 170 189 197 220 302 304 433 647 694 712 840
11 175 216 220 233 350 433 531 534 700 758 987
13 19 27 32 209 220 332 429 433 588 677 798 934 987
16 19 29 179 220 271 294 338 433 449 471 497 692 720 733 861 987
14 19 32 65 83 168 220 396 433 442 451 646 675 808 987
17 19 32 83 157 168 202 220 396 433 451 612 675 739 808 837 926 987
17 11 220 233 346 350 433 465 469 539 548 697 700 724 867 874 975 987
10 141 185 217 220 433 489 694 749 786 795
13 19 220 259 338 433 471 497 561 635 720 855 958 987
13 1 19 32 168 220 293 396 433 451 675 890 891 987
16 189 220 232 433 436 446 462 694 705 712 742 752 757 836 952 984
12 19 166 220 338 433 470 471 497 720 855 909 987
14 19 95 196 220 310 383 433 497 592 695 720 743 894 987
5 220 233 350 433 987
14 19 32 44 148 220 316 433 588 644 794 920 923 934 987
17 160 172 189 220 252 313 336 368 370 433 446 608 694 712 752 757 830
12 19 220 237 271 338 433 471 497 720 733 879 987
16 19 32 220 332 418 433 519 575 588 666 769 812 821 904 934 987
15 17 93 189 197 210 220 302 381 433 485 598 694 712 761 971
8 19 32 168 220 433 451 675 987
8 11 220 233 350 433 623 700 987
18 11 31 220 233 265 275 349 350 373 386 433 465 494 548 700 724 940 987
18 19 32 83 91 112 168 186 220 251 322 396 433 451 538 675 800 968 987
13 116 207 216 220 233 350 433 629 683 700 730 912 987
14 19 32 148 220 316 341 353 433 464 588 820 833 934 987
15 189 220 232 355 391 433 436 446 462 663 694 712 752 757 836
13 156 189 197 220 260 433 659 694 712 722 727 807 915
16 19 27 32 88 220 332 395 429 433 450 588 677 734 798 934 987
15 5 19 32 44 148 220 316 433 588 644 794 920 923 934 987
12 19 32 220 332 433 454 588 744 809 812 934 987
18 216 220 222 233 256 350 433 473 476 531 534 553 562 593 700 758 822 987
11 116 207 216 220 233 350 433 517 527 700 987
15 19 32 220 332 356 433 454 588 744 745 809 812 934 937 987
15 19 95 196 220 310 358 383 433 497 592 695 720 743 894 987
15 19 220 221 383 433 479 497 648 720 780 823 894 927 977 987
15 11 220 233 346 350 433 465 539 548 697 700 724 867 975 987
17 17 93 189 197 210 220 302 381 433 483 485 598 694 712 761 796 971
11 207 216 220 233 350 405 433 700 814 932 987
14 11 13 220 233 350 433 440 458 463 610 623 657 700 987
17 11 220 233 265 349 350 373 386 433 465 494 548 700 724 896 940 987
16 189 220 232 323 355 433 436 446 462 663 694 712 752 757 836 914
15 19 32 83 168 220 322 396 433 451 675 679 815 862 916 987
16 11 220 233 346 350 433 465 539 548 697 700 724 867 874 975 987
18 19 95 149 220 254 359 374 383 433 497 695 702 704 720 844 894 936 987
9 19 32 54 109 220 433 451 675 987
14 160 189 220 252 313 368 433 446 608 694 712 752 757 830
8 19 32 148 220 433 588 934 987
13 19 95 220 383 433 497 695 720 743 858 894 980 987
11 141 185 217 220 433 489 508 694 749 786 826
14 123 189 220 340 433 439 550 565 694 712 752 757 801 941
14 19 32 75 168 213 220 396 433 451 515 630 675 891 987
17 1 19 32 64 68 168 220 264 293 369 396 433 451 675 890 891 987
17 19 32 35 75 168 213 220 396 433 451 515 630 675 708 891 946 987
12 19 151 220 246 311 433 503 554 560 720 740 987
14 19 32 111 220 332 433 454 588 744 809 812 934 937 987
13 19 220 224 383 433 479 497 680 720 803 894 927 987
15 160 189 220 252 313 433 446 608 649 694 712 752 757 828 928
13 116 207 216 220 233 257 350 433 629 683 700 790 987
17 66 86 216 220 233 249 324 350 387 433 531 661 682 700 726 881 987
18 4 19 32 39 83 110 168 220 335 396 433 451 612 675 689 739 808 987
12 19 220 259 338 433 471 497 561 635 720 855 987
14 16 19 220 383 433 479 497 523 543 577 720 817 894 987
17 19 95 155 220 310 383 433 497 510 536 695 720 743 764 775 894 987
4 220 433 694 712
10 19 220 246 433 503 560 603 720 778 987
17 19 95 149 220 254 374 383 433 497 511 695 702 720 774 894 936 987
16 19 194 220 224 383 433 479 495 497 532 537 720 894 927 950 987
19 19 23 32 75 76 168 213 220 396 433 451 499 515 630 665 675 891 946 987
12 189 195 197 220 287 302 433 576 691 694 712 773
16 19 33 95 182 220 383 433 472 497 652 695 720 849 894 936 987
14 93 189 197 220 302 364 433 647 651 654 672 694 712 840
14 19 32 54 109 162 220 411 433 451 482 675 735 738 987
18 1 19 32 68 168 206 220 293 396 433 438 451 621 675 728 890 891 987
15 154 216 220 222 233 350 433 531 534 562 643 700 758 822 987
14 116 127 207 216 220 233 291 350 433 629 683 700 730 987
16 60 93 174 189 197 210 220 302 308 410 433 541 694 712 761 851
13 19 32 49 54 109 220 433 451 482 631 675 684 987
14 180 216 220 222 233 350 433 531 534 700 758 822 857 987
12 207 216 220 233 272 350 405 433 700 814 932 987
18 7 19 32 75 168 213 220 396 433 451 499 513 515 630 675 891 946 987
12 19 220 271 320 338 433 449 471 497 720 733 987
16 2 19 194 220 224 383 433 466 479 495 497 532 720 894 927 987
14 19 32 83 168 220 322 396 433 451 675 815 862 916 987
13 19 32 83 168 220 322 396 433 451 675 862 916 987
15 98 189 197 220 260 363 433 581 659 694 712 722 727 807 959
13 189 220 433 446 462 694 712 752 757 829 836 868 979
14 87 120 141 185 217 220 347 389 433 437 658 694 701 749
13 15 19 32 220 433 460 486 588 709 729 782 963 987
17 19 32 75 168 213 220 396 433 451 499 515 630 665 675 891 946 987
12 19 32 220 332 433 588 750 755 809 812 934 987
16 19 32 220 267 332 409 414 433 519 575 588 769 812 821 934 987
10 189 195 197 220 302 433 576 694 712 773
14 19 220 226 246 433 503 525 560 587 603 720 778 905 987
12 19 32 51 220 433 460 588 709 723 729 782 987
14 19 106 220 246 301 433 503 560 590 602 720 778 921 987
14 61 99 189 197 220 260 269 376 426 433 453 694 712 727
15 11 104 208 220 233 350 433 463 530 615 623 657 700 880 987
16 19 32 83 157 168 202 220 396 433 451 612 675 739 808 926 987
18 7 19 32 75 168 213 220 396 433 451 499 513 515 630 675 891 946 987
17 175 216 220 233 284 350 382 433 531 534 572 620 685 700 758 762 987
14 93 189 197 214 220 302 433 647 651 694 712 840 922 962
18 6 86 165 216 220 233 324 350 387 404 433 477 531 661 700 726 888 987
11 12 19 139 220 246 311 433 503 560 720 987
13 19 32 83 168 220 295 322 396 433 451 675 968 987
16 19 220 239 362 365 383 390 401 433 497 549 695 720 894 898 987
13 93 189 197 210 220 302 433 600 650 694 712 761 971
13 19 220 246 317 433 503 560 603 720 778 905 973 987
15 177 180 216 220 222 233 350 433 531 534 700 758 822 857 987
12 102 116 207 216 220 233 350 433 517 527 700 987
13 14 121 141 185 217 220 419 433 437 504 658 694 749
17 22 115 189 220 232 355 391 433 436 446 462 663 694 712 752 757 836
10 8 19 205 220 246 433 512 670 720 987
12 11 220 233 350 433 463 610 623 657 700 918 987
16 19 32 75 168 213 220 396 433 451 515 630 675 708 891 946 987
12 99 189 197 220 260 408 433 653 694 712 727 813
16 99 189 190 197 220 260 321 408 433 496 545 606 694 712 719 727
14 19 125 220 383 421 433 479 497 627 720 817 894 983 987
14 41 141 185 217 220 433 489 694 718 749 786 795 856 929
16 93 105 128 189 197 210 220 244 302 433 580 694 712 761 851 967
13 19 167 219 220 246 433 434 503 560 602 720 778 987
14 19 220 246 299 433 503 560 587 603 720 778 816 905 987
12 19 32 148 220 286 316 433 588 820 833 934 987
12 11 85 130 220 233 297 350 433 548 700 724 987
18 117 137 160 189 220 252 313 336 368 433 446 608 694 712 747 752 757 830
14 61 99 189 197 220 260 269 376 426 433 453 694 712 727
16 60 93 145 174 189 197 210 220 302 308 423 433 694 712 761 851
14 93 189 197 210 220 244 302 433 580 694 712 761 851 967
13 19 220 315 383 390 433 497 695 720 894 898 935 987
15 19 220 271 276 294 338 433 449 471 497 720 733 811 861 987
14 116 207 216 220 233 257 350 433 629 683 700 859 964 987
13 19 32 44 148 176 220 240 316 433 588 923 934 987
13 19 32 83 91 168 220 322 396 433 451 675 968 987
4 217 220 433 694
14 93 159 189 197 210 220 302 433 600 650 694 712 761 971
15 19 32 168 213 220 396 400 420 433 451 515 675 891 892 987
15 19 36 220 270 383 433 479 497 523 577 720 817 841 894 987
15 19 100 106 220 246 281 433 503 533 560 602 720 778 797 987
13 19 220 383 433 479 497 648 720 780 823 894 927 987
15 19 32 92 220 332 433 519 575 588 686 783 812 934 945 987
15 19 220 383 390 401 433 461 497 622 695 720 843 894 898 987
7 19 220 383 433 497 720 987
13 207 216 220 233 272 350 405 433 555 700 814 932 987
15 19 161 220 224 261 383 433 479 497 680 706 720 894 927 987
14 175 216 220 233 350 382 433 531 534 572 700 758 762 987
11 189 220 232 433 446 462 694 712 752 757 836
13 19 151 220 246 311 318 433 503 560 583 720 767 987
14 189 220 313 325 433 446 529 608 626 694 712 752 757 805
12 93 170 189 197 220 302 433 647 694 712 840 956
17 160 184 189 220 252 313 368 377 433 446 608 694 712 752 757 760 802
11 19 32 168 220 396 433 451 675 890 891 987
15 93 174 189 197 210 220 302 308 433 625 694 712 761 851 949
14 19 220 271 276 294 338 433 449 471 497 720 733 861 987
16 19 95 155 220 310 328 339 383 433 497 536 695 720 743 894 987
14 86 216 220 233 331 350 387 433 468 531 700 726 930 987
15 19 211 220 315 383 390 433 497 695 720 845 894 898 935 987
14 189 220 313 325 433 446 529 608 626 694 712 752 757 805
13 189 220 433 446 462 694 712 752 757 829 836 868 979
16 11 42 74 122 220 233 350 433 463 623 657 700 880 902 972 987
14 19 32 49 54 109 220 398 433 451 482 631 675 951 987
9 189 197 220 302 433 576 694 712 773
13 87 141 158 185 217 220 347 433 437 521 658 694 749
4 220 350 433 987
15 116 207 216 220 233 257 350 433 573 629 683 700 859 964 987
15 19 106 220 246 301 361 433 459 503 560 590 602 720 778 987
16 19 32 65 83 168 220 396 402 433 442 451 641 675 808 957 987
13 19 220 271 320 338 433 449 471 497 585 720 733 987
14 19 32 83 168 220 295 322 396 433 451 675 693 968 987
16 19 33 95 220 236 327 383 433 497 664 695 720 849 894 936 987
14 19 150 167 219 220 246 433 434 503 560 602 720 778 987
13 94 99 189 197 220 260 408 433 681 694 712 727 813
14 19 220 227 237 271 288 338 433 471 497 586 720 733 987
13 19 139 220 246 311 433 503 560 720 770 911 933 987
13 19 32 92 220 332 433 519 575 588 791 812 934 987
13 107 141 185 217 220 229 419 433 437 658 694 749 960
15 19 220 239 365 383 390 401 433 497 642 695 720 894 898 987
17 19 43 95 118 220 254 374 383 433 497 613 695 720 875 894 936 987
16 1 19 32 64 68 168 220 264 293 396 433 451 675 890 891 987
15 93 189 197 214 220 302 372 433 563 647 651 694 712 840 922
11 189 197 220 260 433 694 712 722 727 931 982
18 86 165 216 220 233 238 324 350 387 433 531 661 700 726 766 883 924 987
13 19 139 220 246 311 433 503 560 720 850 911 947 987
17 86 132 165 216 220 233 324 326 350 387 433 531 661 700 726 883 987
13 30 93 189 197 220 302 433 647 651 654 694 712 840
14 19 32 49 54 109 220 263 398 433 451 482 631 675 987
12 19 139 220 246 311 433 503 560 720 911 947 987
13 123 189 215 220 378 433 565 604 694 712 752 757 941
18 86 165 216 220 233 324 350 387 404 433 443 531 661 700 726 779 888 987
18 4 19 32 83 124 168 220 351 396 433 451 452 612 675 737 739 808 987
15 93 189 197 210 220 302 308 352 433 481 616 694 712 761 851
13 216 220 233 350 413 433 531 534 698 700 776 863 987
14 19 220 224 261 383 433 479 497 680 706 720 894 927 987
17 19 95 149 220 254 359 374 383 433 497 695 702 704 720 894 936 987
16 93 164 189 197 210 220 302 308 352 433 481 616 694 712 761 851
16 19 28 32 48 70 168 213 220 396 433 451 515 630 675 891 987
16 19 32 168 213 220 396 400 433 451 515 558 611 675 891 892 987
17 60 93 145 174 189 197 210 220 302 308 423 433 655 694 712 761 851
16 19 32 53 135 168 213 220 396 400 433 447 451 515 675 891 987
10 189 197 220 260 433 694 712 722 727 807
14 19 32 111 220 332 433 454 588 744 809 812 934 937 987
16 66 86 216 220 233 249 324 350 387 433 531 661 700 726 881 987
12 57 189 197 220 260 433 694 712 722 727 860 982
13 56 123 138 189 220 243 367 433 491 694 712 752 757
19 26 154 216 220 222 233 247 253 350 424 433 467 531 534 562 700 758 822 987
17 19 95 149 220 254 374 383 433 497 695 720 834 894 936 961 976 987
15 99 189 197 220 260 408 433 496 545 574 606 690 694 712 727
14 19 220 365 383 390 401 433 497 695 720 877 894 898 987
15 93 189 197 210 220 302 412 433 580 694 712 761 793 851 967
15 11 220 233 334 349 350 386 417 433 465 494 548 700 724 987
14 19 220 315 383 390 433 497 695 720 845 894 898 935 987
12 107 141 185 217 220 419 433 437 658 694 749 960
18 86 90 216 220 233 249 296 324 350 387 433 531 591 661 700 726 881 987
11 189 197 220 260 433 694 712 722 727 931 982
16 19 32 148 163 220 316 353 427 433 535 588 792 820 833 934 987
18 19 95 149 220 254 374 383 433 497 617 695 720 834 894 936 961 976 987
13 11 55 85 130 220 233 297 350 433 548 700 724 987
15 19 220 268 383 433 479 497 720 771 780 823 885 894 927 987
13 86 216 220 233 350 387 433 468 531 700 726 930 987
17 19 32 75 168 213 220 396 433 451 499 513 515 630 675 891 946 987
8 8 19 220 246 433 512 720 987
14 19 32 220 332 409 433 519 575 588 769 812 821 934 987
13 19 32 44 148 176 220 240 316 433 588 923 934 987
13 19 151 220 246 311 318 433 503 560 583 720 767 987
14 116 207 216 220 233 290 350 433 445 527 542 700 711 987
11 141 185 217 220 419 433 437 504 658 694 749
13 11 220 233 350 433 465 539 548 700 724 867 887 987
15 19 220 268 383 433 479 497 720 771 780 823 885 894 927 987
14 30 93 189 197 220 302 433 516 647 651 654 694 712 840
12 123 189 215 220 433 565 694 712 752 757 827 941
14 19 166 220 279 338 392 433 471 497 656 720 799 855 987
16 19 95 149 220 254 374 383 433 497 511 695 702 720 894 936 987
12 99 189 197 220 260 269 426 433 453 694 712 727
14 19 220 224 383 433 479 497 501 680 720 803 894 927 987
17 216 220 222 233 256 350 433 473 476 531 534 562 593 700 758 822 987
16 116 207 216 220 233 290 350 433 445 527 542 567 597 700 711 987
14 41 141 185 217 220 433 489 694 718 749 786 795 856 929
18 86 108 132 165 216 220 233 324 326 350 387 433 531 661 700 726 883 987
15 19 129 220 246 433 503 560 603 720 753 778 905 919 973 987
15 96 189 220 274 433 446 462 614 694 712 752 757 836 868 979
12 19 32 133 220 433 460 588 709 723 729 782 987
12 19 32 65 83 168 220 396 433 451 675 808 987
14 52 84 86 216 220 233 350 387 433 490 531 700 763 987
11 11 220 233 350 433 465 494 548 700 724 987
15 19 143 150 167 219 220 246 433 434 503 560 602 720 778 987
14 96 189 220 433 446 462 694 712 752 757 781 836 868 979
14 19 50 220 383 430 433 479 497 526 627 720 817 894 987
12 52 86 216 220 233 350 387 433 531 700 763 987
9 8 19 205 220 246 433 512 720 987
16 19 32 44 148 220 255 289 314 316 433 588 644 847 923 934 987
17 17 93 189 197 210 220 302 381 433 483 485 598 694 712 761 796 971
15 11 220 233 334 349 350 386 433 465 494 509 548 700 724 987
15 19 95 220 379 383 433 497 582 660 695 720 743 894 980 987
14 72 80 93 170 189 197 220 302 433 647 694 712 840 956
12 19 32 83 168 220 396 433 451 675 739 808 987
14 189 220 232 355 393 433 436 446 462 694 712 752 757 836
14 19 32 47 220 332 433 454 588 714 809 812 934 981 987
17 189 220 232 323 355 433 436 446 462 663 694 712 752 757 836 914 970
13 11 55 85 130 220 233 297 350 433 548 700 724 987
17 4 19 32 83 168 220 396 433 451 452 612 675 737 739 808 831 987
13 123 189 215 220 433 546 565 694 712 752 757 827 941
14 11 220 233 349 350 386 433 465 494 548 700 724 940 987
15 19 40 220 246 317 433 503 560 603 618 720 778 905 973 987
17 11 21 144 220 233 298 350 433 465 548 634 700 724 842 867 895 987
13 123 189 215 220 378 433 565 604 694 712 752 757 941
17 59 60 93 174 189 197 210 220 302 308 410 433 541 694 712 761 851
10 11 220 233 297 350 433 548 700 724 987
13 41 141 185 217 220 433 489 694 718 749 786 795 929
17 19 29 179 220 245 271 294 338 433 449 471 497 692 720 733 861 987
13 56 123 138 189 220 243 367 433 491 694 712 752 757
15 19 95 149 220 254 374 383 433 497 695 720 834 894 936 987
14 19 32 49 54 109 220 263 398 433 451 482 631 675 987
13 19 27 32 220 278 332 433 588 677 882 907 934 987
14 19 188 220 383 403 433 479 497 720 787 823 894 927 987
14 11 34 220 233 350 386 433 465 494 548 589 700 724 987
16 19 32 65 83 168 201 220 396 402 433 442 451 675 676 808 987
10 19 32 220 332 433 575 588 812 934 987
16 96 189 220 274 319 433 446 462 614 694 712 752 757 836 868 979
13 87 141 158 185 217 220 347 433 437 658 694 749 864
17 93 164 189 197 210 220 302 308 352 433 481 616 674 694 712 761 851
18 19 95 149 220 254 359 374 383 433 497 695 702 704 720 844 894 936 987
13 19 95 220 383 433 497 695 720 743 858 894 980 987
13 19 27 32 220 278 332 433 588 677 882 907 934 987
16 11 220 233 265 330 349 350 386 433 465 494 548 700 724 940 987
15 20 116 207 216 220 233 257 350 433 629 683 700 790 965 987
18 4 19 32 39 83 168 220 303 335 354 396 433 451 612 675 739 808 987
13 19 151 220 246 311 433 503 554 560 720 740 748 987
11 19 27 32 220 332 429 433 588 677 934 987
13 189 220 313 325 433 446 608 694 712 746 752 757 872
15 87 141 158 185 217 220 347 407 433 437 502 521 658 694 749
14 160 189 220 252 313 433 446 608 649 694 712 752 757 928
18 19 106 220 246 285 301 433 459 503 560 590 602 715 720 736 778 985 987
16 19 33 95 182 220 383 433 472 497 652 695 720 849 894 936 987
11 19 27 32 38 220 332 433 588 768 934 987
12 19 219 220 246 433 488 503 560 602 720 778 987
15 17 93 189 197 210 220 302 433 485 694 712 741 759 761 971
13 11 69 119 147 173 220 233 350 433 548 551 700 987
16 19 50 220 383 430 433 479 497 526 627 720 765 817 894 944 987
11 19 32 168 220 396 433 451 515 675 891 987
11 99 189 197 220 260 269 433 453 694 712 727
13 93 189 197 220 302 364 433 647 651 654 694 712 840
18 19 32 168 213 220 396 400 433 451 480 515 547 558 611 675 891 892 987
12 19 151 220 246 311 433 503 560 583 720 767 987
16 19 95 220 283 379 383 433 497 582 660 695 720 743 894 980 987
9 123 189 220 433 694 712 752 757 941
11 204 216 220 233 350 433 531 534 700 776 987
13 12 19 101 139 220 246 311 433 503 560 668 720 987
14 19 100 106 220 246 433 503 533 560 602 720 778 797 987
13 19 220 383 433 479 497 523 577 720 817 841 894 987
15 30 63 93 189 197 220 302 433 516 647 651 654 694 712 840
16 93 105 128 189 197 210 220 244 302 433 580 694 712 761 851 967
12 93 189 197 210 220 302 433 580 694 712 761 851
16 86 216 220 233 249 324 350 387 433 531 591 661 700 726 881 987
12 19 32 168 220 293 396 433 451 675 890 891 987
11 189 220 241 433 446 694 712 752 757 836 871
16 11 220 233 265 330 349 350 386 433 465 494 548 700 724 940 987
17 2 19 194 220 224 383 433 466 479 495 497 532 544 720 894 927 987
15 19 40 220 246 317 433 503 560 603 618 720 778 905 973 987
16 19 194 220 224 383 433 479 495 497 532 537 720 894 927 950 987
14 180 216 220 222 233 350 433 531 534 678 700 758 822 987
15 19 100 106 220 246 281 433 503 533 560 602 720 778 797 987
17 19 25 220 371 383 390 401 433 461 497 622 695 720 789 894 898 987
15 19 32 49 54 109 220 235 398 433 451 482 631 675 951 987
14 11 122 220 233 350 433 463 487 623 657 700 880 978 987
17 19 95 155 220 310 328 339 383 433 497 536 671 695 720 743 894 987
14 87 141 158 185 217 220 347 433 437 579 658 694 749 864
13 52 84 86 216 220 233 350 387 433 531 700 763 987
15 11 58 144 220 233 350 399 433 465 548 634 700 724 867 987
15 11 58 144 220 233 350 399 433 465 548 634 700 724 867 987
19 86 103 165 216 220 233 238 273 324 350 387 433 531 661 700 726 883 953 987
12 116 207 216 220 233 290 350 433 445 527 700 987
17 19 95 149 220 254 374 383 433 497 511 695 702 720 774 894 936 987
10 116 207 216 220 233 350 433 629 700 987
14 11 220 233 350 433 465 539 548 700 724 777 867 887 987
17 4 19 32 83 168 220 396 433 451 612 675 737 739 806 808 943 987
16 17 93 189 197 210 220 302 433 485 694 712 741 759 761 804 971
14 116 146 207 216 220 233 290 350 433 522 527 700 810 987
15 16 19 220 383 394 433 479 497 523 543 577 720 817 894 987
18 19 32 65 83 168 178 201 220 396 402 433 442 451 492 675 676 808 987
15 37 180 216 220 222 233 350 433 531 534 678 700 758 822 987
15 116 207 216 220 233 257 350 433 573 629 683 700 859 964 987
16 113 116 207 216 220 233 290 300 350 433 522 527 607 700 846 987
10 8 19 205 220 246 433 512 670 720 987
12 19 139 220 246 311 433 503 560 720 770 911 987
15 116 207 216 220 233 290 350 433 445 527 542 605 632 700 987
14 11 58 144 220 233 350 433 465 548 634 700 724 867 987
13 19 220 259 338 416 433 471 497 561 720 855 889 987
16 17 93 189 197 210 220 302 381 433 483 485 598 694 712 761 971
9 19 220 271 338 433 471 497 720 987
16 19 95 155 220 310 339 383 433 497 536 695 720 743 839 894 987
18 11 46 191 220 233 306 334 349 350 386 433 465 494 509 548 700 724 987
13 19 32 51 220 433 460 588 662 709 723 729 782 987
15 99 189 190 197 220 260 321 408 433 496 545 606 694 712 727
16 160 171 189 220 252 313 433 446 608 694 712 752 757 886 900 928
17 216 220 222 233 256 305 350 433 476 531 534 562 593 700 758 822 987
11 19 166 220 279 338 433 471 497 720 855 987
14 11 220 233 350 433 465 539 548 700 724 754 867 975 987
13 19 220 227 237 271 338 433 471 497 586 720 733 987
16 60 93 145 174 189 197 210 220 302 308 348 433 694 712 761 851
15 19 32 65 83 168 201 220 396 402 433 442 451 675 808 987
10 207 216 220 233 350 405 433 700 814 987
13 189 220 313 325 433 446 529 608 694 712 752 757 805
13 189 220 313 325 433 446 608 694 712 746 752 757 872
15 98 189 197 220 260 363 433 581 659 694 712 722 727 807 959
17 86 165 216 220 233 238 324 350 387 433 531 661 700 726 883 924 987
17 19 95 220 283 379 383 384 433 497 582 660 695 720 743 894 980 987
15 116 207 216 220 233 345 350 433 629 683 700 730 751 912 987
12 189 220 313 325 433 446 608 694 712 746 752 757
19 86 165 216 220 233 324 350 387 404 433 443 531 661 700 726 779 884 888 987
15 19 32 220 332 418 433 519 575 588 769 812 821 904 934 987
6 189 220 433 694 712 757
17 86 165 216 220 233 238 324 350 387 433 531 661 700 726 883 953 987
16 19 220 239 365 383 390 401 433 497 500 642 695 720 894 898 987
15 19 32 92 220 332 433 519 575 588 686 783 812 934 945 987
17 19 106 220 246 301 361 433 459 503 560 590 602 720 778 785 852 987
16 93 189 197 210 220 234 302 412 433 580 694 712 761 793 851 967
15 93 128 189 197 210 220 244 302 433 580 694 712 761 851 967
13 19 95 220 310 383 433 497 592 695 720 743 894 987
15 19 220 271 320 338 433 449 471 497 557 585 707 720 733 987
16 9 93 189 197 220 302 364 433 647 651 654 672 694 712 840 925
14 19 32 53 168 213 220 396 400 433 451 515 675 891 987
16 19 32 148 163 220 316 353 427 433 535 588 792 820 833 934 987
15 19 32 47 220 332 428 433 444 454 455 588 809 812 934 987
13 126 189 197 220 260 363 433 659 694 712 722 727 807
10 141 185 217 220 309 433 633 658 694 749
18 4 19 32 83 124 168 220 351 396 433 451 452 612 675 737 739 808 987
15 160 189 220 252 313 368 377 433 446 608 694 712 752 757 802
14 19 32 49 54 109 220 433 451 482 596 631 675 684 987
11 141 185 217 220 433 489 508 694 749 786 826
19 160 172 189 199 220 252 313 336 368 370 433 446 507 608 694 712 752 757 830
13 19 220 259 338 433 471 497 561 635 720 855 958 987
18 26 154 216 220 222 233 247 350 424 433 467 531 534 562 700 758 822 987
12 19 219 220 246 433 434 503 560 602 720 778 987
13 11 69 119 140 173 220 233 350 433 548 551 700 987
9 93 189 197 210 220 302 433 694 712
14 19 27 32 81 142 220 332 333 433 588 639 768 934 987
18 19 32 65 83 168 178 201 220 396 402 433 442 451 492 675 676 808 987
15 19 27 32 88 220 332 395 429 433 588 677 734 798 934 987
15 116 207 216 220 233 290 350 433 445 527 542 597 700 711 987
17 19 32 62 83 91 114 168 220 322 396 433 451 505 538 675 968 987
11 11 69 119 220 233 350 433 548 551 700 987
12 93 189 197 214 220 302 433 647 651 694 712 840
15 189 220 232 433 436 446 462 694 705 712 742 752 757 836 984
15 82 96 189 220 433 446 462 694 712 752 757 781 836 868 979
14 87 141 158 185 217 220 347 433 437 502 521 658 694 749
16 93 189 197 210 220 302 388 412 433 524 580 694 712 761 851 967
13 19 106 220 246 433 503 533 560 602 688 720 778 987
15 16 19 220 383 394 433 479 497 523 543 577 720 817 894 987
17 19 95 220 283 379 383 384 433 497 582 660 695 720 743 894 980 987
10 11 69 119 220 233 350 433 548 700 987
13 19 220 259 338 416 433 471 497 561 720 855 889 987
13 207 216 220 233 272 350 405 433 555 700 814 932 987
14 19 220 271 320 338 433 449 471 497 557 585 720 733 987
13 19 100 106 220 246 433 503 533 560 602 720 778 987
13 19 32 133 220 422 433 460 588 709 723 729 782 987
15 19 220 271 276 294 338 433 449 471 497 720 733 811 861 987
14 19 32 49 54 109 220 433 451 482 596 631 675 684 987
12 19 220 315 383 390 433 497 695 720 894 898 987
15 19 32 54 109 162 220 223 262 366 411 433 451 482 675 987
13 99 189 197 220 260 408 433 496 606 694 712 727 908
15 160 189 220 252 313 433 446 608 649 694 712 752 757 828 928
18 154 212 216 220 222 233 312 350 424 433 531 534 562 638 700 758 822 987
15 11 220 233 350 360 386 433 465 494 548 589 700 724 906 987
19 86 103 165 216 220 233 238 273 324 350 387 433 531 661 700 726 883 953 987
18 19 95 149 220 254 359 374 383 433 497 695 702 720 788 848 894 936 987
19 160 172 189 199 220 252 313 336 368 370 433 446 507 608 694 712 752 757 830
15 93 189 197 214 220 302 433 647 651 694 712 832 840 922 962
14 19 32 181 220 230 433 460 486 588 709 729 782 963 987
14 93 159 189 197 210 220 302 433 600 650 694 712 761 971
14 156 189 197 220 260 433 659 694 712 722 727 756 807 915
16 4 19 32 83 168 220 396 433 451 612 675 737 739 806 808 987
15 37 180 216 220 222 233 350 433 531 534 678 700 758 822 987
16 19 50 220 383 430 433 479 497 526 627 720 765 817 894 944 987
16 175 216 220 233 284 350 382 433 531 534 572 620 700 758 762 987
9 11 220 233 350 433 623 657 700 987
13 107 141 185 217 220 415 419 433 437 658 694 749 969
16 3 116 192 207 216 220 233 290 350 433 445 527 542 632 700 987
7 19 220 433 471 497 720 987
14 19 40 220 246 317 433 503 560 603 720 778 905 973 987
15 154 216 220 222 233 350 433 531 534 562 643 700 758 822 987
14 19 32 44 148 220 255 289 316 433 588 644 923 934 987
13 11 69 119 147 173 220 233 350 433 548 551 700 987
13 19 32 148 220 316 353 433 588 792 820 833 934 987
13 19 32 44 148 220 316 433 588 644 794 923 934 987
13 19 32 47 220 332 433 454 588 714 809 812 934 987
15 1 19 32 68 168 220 264 293 396 433 451 675 890 891 987
13 19 125 220 383 433 479 497 627 720 817 894 983 987
10 99 189 197 220 260 433 453 694 712 727
16 19 220 239 362 365 383 390 401 433 497 549 695 720 894 898 987
15 19 220 239 365 383 390 401 433 497 549 695 720 894 898 987
17 19 95 149 220 254 359 374 383 433 497 695 702 720 848 894 936 987
15 19 194 220 224 383 433 466 479 495 497 532 720 894 927 987
12 19 95 220 254 383 433 497 695 720 894 936 987
16 19 79 95 220 383 433 435 497 669 695 699 720 849 894 936 987
14 98 189 197 220 260 363 433 659 694 712 722 727 807 959
18 19 95 155 220 310 339 383 433 497 536 645 695 720 743 824 839 894 987
17 11 220 233 265 275 349 350 373 386 433 465 494 548 700 724 940 987
14 141 185 217 218 220 228 433 489 694 749 786 795 901 929
18 86 108 132 165 216 220 233 324 326 350 387 433 531 661 700 726 883 987
18 1 19 32 68 168 206 220 293 396 433 438 451 621 675 728 890 891 987
15 116 207 216 220 233 290 350 433 445 527 542 605 632 700 987
12 77 141 185 217 220 309 433 633 658 667 694 749
14 19 32 65 83 168 220 396 433 442 451 646 675 808 987
5 185 217 220 433 694
13 19 95 220 383 433 497 695 699 720 849 894 936 987
16 93 189 197 214 220 302 433 647 651 694 703 712 832 840 922 962
16 19 32 92 198 220 307 332 433 519 575 588 601 812 934 945 987
12 19 166 220 279 338 433 471 497 720 799 855 987
7 19 220 246 433 512 720 987
15 93 174 189 197 210 220 302 308 433 625 694 712 761 851 949
15 20 116 207 216 220 233 257 350 433 629 683 700 790 965 987
16 96 189 220 274 319 433 446 462 614 694 712 752 757 836 868 979
14 19 32 148 220 316 353 433 535 588 792 820 833 934 987
17 19 25 187 220 383 390 401 433 461 497 595 622 695 720 894 898 987
16 19 28 32 48 70 168 213 220 396 433 451 515 630 675 891 987
16 17 93 189 197 210 220 231 302 381 433 485 694 712 761 971 974
17 11 220 233 350 360 386 433 465 494 548 589 700 724 910 938 942 987
13 126 189 197 220 260 363 433 659 694 712 722 727 807
15 5 19 32 44 148 220 316 433 588 644 794 920 923 934 987
17 2 19 194 220 224 383 433 466 479 495 497 532 544 720 894 927 987
12 93 170 189 197 220 302 304 433 647 694 712 840
13 175 216 220 233 350 382 433 531 534 700 758 917 987
15 99 189 193 197 220 260 408 433 653 673 694 712 725 727 813
14 99 189 190 197 220 260 408 433 496 545 606 694 712 727
13 19 27 32 209 220 332 429 433 588 677 798 934 987
15 19 32 65 83 168 220 396 402 433 442 451 675 808 957 987
13 19 27 32 220 332 395 429 433 588 677 798 934 987
15 189 220 232 433 436 446 462 694 705 712 752 757 836 873 984
15 19 220 227 237 271 288 338 433 471 497 559 586 720 733 987
14 19 32 220 332 433 519 575 588 769 812 821 904 934 987
15 19 32 44 148 220 255 289 316 433 588 644 847 923 934 987
15 19 183 220 365 383 390 401 433 497 695 720 877 894 898 987
11 19 27 32 81 220 332 433 588 768 934 987
10 141 185 217 220 309 397 433 658 694 749
14 93 189 197 210 220 302 308 352 433 481 694 712 761 851
15 17 93 189 197 210 220 302 381 433 485 694 712 761 971 974
15 189 220 232 355 433 436 446 462 663 694 712 752 757 836 914
14 19 166 220 338 342 433 470 471 497 720 855 903 909 987
13 19 220 259 338 433 471 478 497 720 855 899 966 987
12 19 220 224 383 433 479 497 532 720 894 927 987
14 10 11 220 233 350 433 463 530 615 623 657 700 880 987
6 185 217 220 433 694 749
14 19 32 51 220 433 460 571 588 662 709 723 729 782 987
17 93 164 189 197 210 220 302 308 352 433 481 616 674 694 712 761 851
13 73 204 216 220 233 350 432 433 531 534 700 776 987
16 19 36 220 270 329 383 433 479 497 523 577 720 817 841 894 987
17 1 19 32 68 168 206 220 293 396 433 451 621 675 728 890 891 987
10 141 185 217 220 347 433 437 658 694 749
18 19 106 220 246 285 301 433 459 503 560 590 602 715 720 736 778 985 987
17 86 169 200 216 220 233 324 350 387 433 531 661 700 726 866 881 987
16 19 106 220 246 301 361 433 459 503 560 590 602 720 778 785 987
14 160 189 220 252 313 433 446 608 694 712 752 757 900 928
13 19 220 383 390 401 433 461 497 695 720 894 898 987
18 117 137 160 189 220 252 313 336 368 433 446 608 694 712 747 752 757 830
18 4 19 32 83 136 168 220 396 433 451 452 612 675 737 739 808 831 987
12 19 32 83 168 220 322 396 433 451 675 862 987
16 116 207 216 220 225 233 290 350 433 520 522 527 609 700 846 987
12 107 141 185 217 220 419 433 437 658 694 749 969
12 123 189 220 433 439 565 578 694 712 752 757 941
17 11 104 208 220 233 350 433 463 498 530 615 623 657 700 731 880 987
9 56 123 189 220 433 694 712 752 757
17 22 115 189 220 232 355 391 433 436 446 462 663 694 712 752 757 836
15 60 93 174 189 197 210 220 302 308 433 541 694 712 761 851
16 19 32 83 91 168 220 251 322 396 433 451 538 675 800 968 987
11 19 27 32 38 220 332 433 588 768 934 987
16 19 32 49 54 109 220 235 398 433 451 482 631 675 772 951 987
14 93 189 197 210 220 302 308 343 352 433 694 712 761 851
13 80 93 170 189 197 220 302 433 647 694 712 840 956
13 11 97 130 220 233 297 350 433 548 700 724 838 987
12 156 189 197 220 260 433 659 694 712 722 727 807
7 19 220 246 433 560 720 987
10 56 123 189 220 433 491 694 712 752 757
14 19 27 32 220 332 337 433 566 588 677 687 907 934 987
13 19 151 220 246 311 433 456 503 560 720 732 767 987
14 175 216 220 233 350 382 433 531 534 637 700 758 762 987
16 19 32 220 267 332 409 414 433 519 575 588 769 812 821 934 987
16 11 13 220 233 350 433 440 458 463 599 610 623 657 700 825 987
15 11 208 220 233 350 433 463 530 615 623 628 657 700 880 987
12 19 32 44 148 220 240 316 433 588 923 934 987
16 154 216 220 222 233 350 424 433 531 534 562 638 700 758 822 987
16 19 32 49 54 109 220 235 398 433 451 482 631 675 772 951 987
15 19 32 92 198 220 332 433 519 575 588 601 812 934 945 987
15 86 216 220 233 258 331 350 387 433 468 531 700 726 930 987
16 189 220 232 355 357 393 433 436 446 462 694 712 752 757 836 876
17 11 208 220 233 350 433 463 530 556 615 623 628 657 700 721 880 987
15 93 189 197 210 220 302 308 343 352 433 694 712 761 851 854
15 123 189 220 375 433 439 565 578 619 640 694 712 752 757 941
13 19 27 32 81 142 220 332 433 588 639 768 934 987
15 19 32 168 213 220 396 400 420 433 451 515 675 891 892 987
16 19 32 53 135 168 213 220 396 400 433 447 451 515 675 891 987
12 93 189 197 210 220 302 433 485 694 712 761 971
12 11 220 233 350 433 458 463 610 623 657 700 987
15 4 19 32 39 83 168 220 396 433 451 612 675 739 808 987
16 189 220 232 355 357 393 433 436 446 462 694 712 752 757 836 876
18 11 46 191 220 233 306 334 349 350 386 433 465 494 509 548 700 724 987
14 19 129 220 246 433 503 560 603 720 778 905 919 973 987
15 11 220 233 334 349 350 386 417 433 465 494 548 700 724 987
14 123 189 220 375 433 439 565 578 640 694 712 752 757 941
17 19 32 62 83 91 114 168 220 322 396 433 451 505 538 675 968 987
15 19 95 220 254 374 383 433 497 613 695 720 875 894 936 987
16 19 25 220 371 383 390 401 433 461 497 622 695 720 894 898 987
15 99 189 193 197 220 260 408 433 653 673 694 712 725 727 813
16 82 96 134 189 220 433 446 462 694 712 752 757 781 836 868 979
15 11 34 220 233 350 386 433 457 465 494 548 589 700 724 987
12 19 32 54 109 162 220 433 451 482 528 675 987
15 11 71 220 233 350 433 465 539 548 700 724 777 867 887 987
15 19 129 220 246 433 503 560 603 720 753 778 905 919 973 987
14 19 32 181 220 230 433 460 486 588 709 729 782 963 987
14 17 93 189 197 210 220 302 433 485 694 712 759 761 971
11 19 32 220 332 433 588 755 809 812 934 987
17 11 191 220 233 306 334 349 350 386 433 465 494 509 548 700 724 987
16 19 220 221 383 406 433 479 497 648 720 780 823 894 927 977 987
12 189 220 241 433 446 570 694 712 752 757 836 871
15 19 32 148 220 316 353 427 433 535 588 792 820 833 934 987
10 141 185 217 220 309 397 433 658 694 749
14 19 151 220 246 311 433 503 554 560 584 720 740 748 987
9 93 189 197 220 302 433 647 694 712
16 10 11 220 233 282 292 350 433 463 530 615 623 657 700 880 987
16 93 189 197 210 220 302 308 343 352 433 518 694 712 761 851 854
14 19 33 95 220 383 433 497 652 695 720 849 894 936 987
13 19 32 92 220 332 433 519 575 588 791 812 934 987
14 19 32 83 168 220 295 322 396 433 451 675 693 968 987
16 160 184 189 220 252 313 368 377 433 446 608 694 712 752 757 802
14 19 32 70 168 213 220 396 433 451 515 630 675 891 987
14 19 166 220 338 342 433 470 471 497 720 855 903 909 987
14 141 185 217 220 433 489 568 694 749 786 795 901 929 986
13 19 95 155 220 310 383 433 497 695 720 743 894 987
13 19 220 383 430 433 479 497 526 627 720 817 894 987
18 4 19 32 83 136 168 220 396 433 451 452 612 675 737 739 808 831 987
20 19 23 32 75 76 153 168 213 220 396 433 451 499 515 630 665 675 891 946 987
15 116 207 216 220 233 345 350 433 629 683 700 730 751 912 987
18 19 25 187 220 383 390 401 431 433 461 497 595 622 695 720 894 898 987
8 19 32 109 220 433 451 675 987
14 18 123 189 215 220 433 546 565 694 712 752 757 827 941
16 1 19 32 68 168 206 220 293 396 433 451 675 728 890 891 987
16 99 189 197 203 220 260 408 433 496 545 574 606 690 694 712 727
15 19 220 383 390 401 433 461 497 622 695 720 843 894 898 987
12 19 106 220 246 433 503 560 590 602 720 778 987
16 82 96 134 189 220 433 446 462 694 712 752 757 781 836 868 979
12 11 220 233 350 433 463 615 623 657 700 880 987
17 86 169 200 216 220 233 324 350 387 433 531 661 700 726 866 881 987
18 19 32 83 91 112 168 186 220 251 322 396 433 451 538 675 800 968 987
13 19 32 44 148 220 255 316 433 588 644 923 934 987
13 19 151 220 246 311 433 456 503 560 720 732 767 987
13 19 220 237 271 338 433 471 497 720 733 819 879 987
9 11 119 220 233 350 433 548 700 987
17 11 220 233 350 360 386 433 465 494 548 589 700 724 910 938 942 987
13 99 189 197 220 260 269 376 426 433 453 694 712 727
12 19 220 383 430 433 479 497 627 720 817 894 987
12 123 189 220 340 433 439 565 694 712 752 757 941
15 19 183 220 365 383 390 401 433 497 695 720 877 894 898 987
11 19 32 49 54 109 220 433 451 482 675 987
14 19 27 32 81 142 220 332 333 433 588 639 768 934 987
14 19 45 194 220 224 383 433 479 497 532 720 894 927 987
8 189 197 220 302 433 576 694 712
14 87 120 141 185 217 220 347 389 433 437 658 694 701 749
17 154 216 220 222 233 312 350 424 433 531 534 562 638 700 758 822 987
17 19 79 95 220 250 383 433 435 497 669 695 699 720 849 894 936 987
12 19 188 220 383 433 479 497 720 823 894 927 987
18 11 31 220 233 265 275 349 350 373 386 433 465 494 548 700 724 940 987
12 11 130 220 233 297 350 433 548 700 724 838 987
14 19 36 220 383 433 479 497 523 577 720 817 841 894 987
16 19 25 187 220 383 390 401 433 461 497 622 695 720 894 898 987
16 189 220 232 433 436 446 462 694 705 712 742 752 757 836 952 984
17 19 24 32 220 332 433 454 540 564 588 744 745 809 812 934 937 987
14 123 189 220 340 433 439 550 565 694 712 752 757 801 941
14 116 127 207 216 220 233 291 350 433 629 683 700 730 987
13 123 189 220 340 433 439 565 694 712 752 757 801 941
14 19 32 83 168 220 396 433 451 612 675 739 808 926 987
14 19 32 47 220 332 428 433 454 455 588 809 812 934 987
16 86 132 165 216 220 233 324 350 387 433 531 661 700 726 883 987
15 10 11 220 233 292 350 433 463 530 615 623 657 700 880 987
13 11 122 220 233 350 433 463 623 657 700 880 978 987
14 11 69 119 140 173 220 233 266 350 433 548 551 700 987
16 93 189 197 214 220 302 433 647 651 694 703 712 832 840 922 962
8 141 185 217 220 433 489 694 749
14 116 207 216 220 233 350 433 629 683 700 730 751 912 987
14 19 95 220 379 383 433 497 660 695 720 743 894 980 987
10 19 32 148 220 316 433 588 923 934 987
14 11 144 220 233 298 350 433 465 548 634 700 724 867 987
12 189 195 197 220 287 302 433 576 694 710 712 773
17 19 43 95 118 220 254 374 383 433 497 613 695 720 875 894 936 987
11 57 189 197 220 260 433 694 712 722 727 982
14 107 141 185 217 220 229 419 433 437 658 694 749 870 960
15 11 42 74 122 220 233 350 433 463 623 657 700 880 902 987
13 19 32 54 109 162 220 411 433 451 482 675 735 987
12 102 116 207 216 220 233 350 433 517 527 700 987
13 19 139 220 246 311 433 503 560 720 850 911 947 987
12 189 220 241 433 446 570 694 712 752 757 836 871
15 11 71 220 233 350 433 465 539 548 700 724 777 867 887 987
14 11 74 122 220 233 350 433 463 623 657 700 880 902 987
16 19 32 220 332 418 433 519 575 588 666 769 812 821 904 934 987
16 11 104 208 220 233 350 433 463 498 530 615 623 657 700 880 987
14 19 106 220 246 301 433 503 560 590 602 720 778 921 987
12 11 220 233 350 433 465 548 634 700 724 867 987
15 19 95 155 220 310 383 433 497 536 695 720 743 775 894 987
15 19 143 150 167 219 220 246 433 434 503 560 602 720 778 987
16 11 220 233 350 360 386 433 465 494 548 589 700 724 910 942 987
12 93 189 197 210 220 302 433 650 694 712 761 971
13 19 220 246 433 503 560 603 720 778 905 919 973 987
16 19 220 239 365 383 390 401 433 497 500 642 695 720 894 898 987
13 14 121 141 185 217 220 419 433 437 504 658 694 749
13 189 197 220 260 363 433 659 694 712 722 727 807 959
14 19 33 95 220 236 383 433 497 695 720 849 894 936 987
17 60 93 145 174 189 197 210 220 302 308 348 433 694 712 761 851 954
14 141 185 217 220 433 489 568 694 749 786 795 901 929 986
16 19 36 220 270 329 383 433 479 497 523 577 720 817 841 894 987
10 19 220 383 433 497 695 720 894 898 987
18 60 93 145 174 189 197 210 220 248 302 308 348 433 694 712 761 851 954
14 11 220 233 350 385 433 463 610 623 657 700 818 918 987
15 19 45 194 220 224 344 383 433 479 497 532 720 894 927 987
16 116 207 216 220 233 290 350 433 445 527 542 567 597 700 711 987
19 86 165 216 220 233 324 350 387 404 433 443 531 661 700 726 779 884 888 987
9 19 32 220 433 460 588 709 729 987
15 11 13 220 233 350 433 440 458 463 610 623 657 700 825 987
13 19 166 220 279 338 433 471 497 656 720 799 855 987
14 96 189 220 433 446 462 614 694 712 752 757 836 868 979
12 19 32 220 332 433 519 575 588 812 821 934 987
16 11 208 220 233 350 433 463 530 556 615 623 628 657 700 880 987
15 11 122 220 233 350 433 463 487 623 657 700 853 880 978 987
11 19 220 259 338 433 471 478 497 720 855 987
12 19 32 148 220 286 316 433 588 820 833 934 987
18 19 95 149 220 254 359 374 383 433 497 695 702 720 788 848 894 936 987
16 113 116 207 216 220 233 290 300 350 433 522 527 607 700 846 987
16 11 21 144 220 233 298 350 433 465 548 634 700 724 867 895 987
15 15 19 32 220 433 460 486 493 588 709 713 729 782 963 987
14 19 29 220 271 294 338 433 449 471 497 720 733 861 987
17 19 25 220 371 383 390 401 433 461 497 622 695 720 789 894 898 987
17 11 220 233 346 350 433 465 469 539 548 697 700 724 867 874 975 987
16 19 32 44 148 220 255 289 314 316 433 588 644 847 923 934 987
16 19 161 220 224 261 380 383 433 479 497 680 706 720 894 927 987
9 86 216 220 233 350 433 531 700 987
13 19 220 268 383 433 479 497 720 780 823 894 927 987
17 19 79 95 220 250 383 433 435 497 669 695 699 720 849 894 936 987
12 204 216 220 233 350 432 433 531 534 700 776 987
15 11 220 233 350 385 433 463 475 594 610 623 657 700 918 987
16 137 160 189 220 252 313 336 368 433 446 608 694 712 752 757 830
14 11 220 233 350 385 433 463 610 623 657 700 818 918 987
11 19 32 220 433 460 486 588 709 729 782 987
16 19 67 95 220 254 374 383 433 497 695 720 875 894 913 936 987
18 19 95 149 220 254 374 383 433 497 617 695 720 834 894 936 961 976 987
11 216 220 222 233 350 433 531 534 700 758 987
12 19 32 54 109 162 220 433 451 482 528 675 987
20 19 23 32 75 76 153 168 213 220 396 433 451 499 515 630 665 675 891 946 987
18 6 86 165 216 220 233 324 350 387 404 433 477 531 661 700 726 888 987
15 141 185 217 218 220 228 425 433 489 694 749 786 795 901 929
7 19 32 220 433 588 729 987
16 22 189 220 232 355 391 433 436 446 462 663 694 712 752 757 836
15 86 216 220 233 258 331 350 387 433 468 531 700 726 930 987
14 107 141 185 217 220 229 419 433 437 658 694 749 870 960
17 19 95 155 220 310 383 433 497 510 536 695 720 743 764 775 894 987
18 4 19 32 39 83 168 220 303 335 354 396 433 451 612 675 739 808 987
15 175 216 220 233 350 382 433 531 534 637 700 758 762 897 987
14 19 125 220 383 421 433 479 497 627 720 817 894 983 987
14 189 195 197 220 242 287 302 433 474 576 694 710 712 773
17 19 33 95 220 236 327 383 433 497 506 664 695 720 849 894 936 987
12 56 123 138 189 220 367 433 491 694 712 752 757
13 189 195 197 220 287 302 433 474 576 694 710 712 773
16 19 32 220 332 356 433 454 569 588 744 745 809 812 934 937 987
13 87 141 185 217 220 347 389 433 437 658 694 701 749
15 19 95 196 220 310 358 383 433 497 592 695 720 743 894 987
13 19 32 47 220 332 433 454 455 588 809 812 934 987
17 86 216 220 233 249 296 324 350 387 433 531 591 661 700 726 881 987
15 19 33 95 182 220 383 433 497 652 695 720 849 894 936 987
14 19 32 47 220 332 433 454 588 714 809 812 934 981 987
15 189 220 232 433 436 446 462 694 705 712 752 757 836 873 984
17 59 60 93 174 189 197 210 220 302 308 410 433 541 694 712 761 851
13 19 27 32 220 332 337 433 566 588 677 907 934 987
17 19 95 155 220 310 339 383 433 497 536 695 720 743 824 839 894 987
13 19 106 220 246 433 503 533 560 602 688 720 778 987
12 141 185 217 220 433 489 694 718 749 786 795 929
14 189 195 197 220 287 302 433 441 576 691 694 712 773 784
15 93 189 197 220 302 364 433 647 651 654 672 694 712 840 925
16 19 95 155 220 310 383 433 497 510 536 695 720 743 775 894 987
16 19 43 95 220 254 374 383 433 497 613 695 720 875 894 936 987
13 216 220 233 350 413 433 531 534 698 700 776 863 987
14 52 84 86 216 220 233 350 387 433 490 531 700 763 987
14 216 220 222 233 350 433 476 531 534 562 700 758 822 987
11 141 185 217 220 433 489 508 624 694 749 786
13 123 189 220 375 433 439 565 578 694 712 752 757 941
15 93 189 197 214 220 302 372 433 563 647 651 694 712 840 922
19 26 154 216 220 222 233 247 253 350 424 433 467 531 534 562 700 758 822 987
15 116 207 216 220 233 290 350 433 520 522 527 609 700 846 987
14 116 207 216 220 233 290 350 433 522 527 609 700 846 987
15 11 220 233 280 350 433 465 539 548 700 724 754 867 975 987
14 19 32 92 198 220 332 433 519 575 588 812 934 945 987
18 19 32 168 213 220 396 400 433 451 480 515 547 558 611 675 891 892 987
16 177 180 216 220 222 233 350 433 531 534 700 717 758 822 857 987
15 11 220 233 350 360 386 433 465 494 548 589 700 724 942 987
15 19 220 271 320 338 433 449 471 497 557 585 707 720 733 987
15 86 165 216 220 233 324 350 387 433 531 661 700 726 888 987
15 93 189 197 210 220 302 412 433 524 580 694 712 761 851 967
14 19 27 32 220 332 395 429 433 588 677 734 798 934 987
14 19 95 220 277 383 433 497 660 695 720 743 894 980 987
17 4 19 32 83 168 220 351 396 433 451 452 612 675 737 739 808 987
16 93 189 197 210 220 302 308 343 352 433 518 694 712 761 851 854
14 19 220 226 246 433 503 525 560 587 603 720 778 905 987
15 19 32 83 168 220 322 396 433 451 675 679 815 862 916 987
11 19 151 220 246 311 433 503 560 720 740 987
17 66 86 216 220 233 249 324 350 387 433 531 661 682 700 726 881 987
17 19 32 168 213 220 396 400 433 451 480 515 558 611 675 891 892 987
14 156 189 197 220 260 433 659 694 712 722 727 756 807 915
13 16 19 220 383 433 479 497 523 577 720 817 894 987
9 189 220 313 433 446 694 712 752 757
14 93 174 189 197 210 220 302 308 433 694 712 761 851 949
15 19 32 220 332 433 454 564 588 744 745 809 812 934 937 987
14 99 189 197 220 260 408 433 496 545 606 690 694 712 727
16 78 216 220 222 233 350 433 476 531 534 562 593 700 758 822 987
13 141 185 217 218 220 433 489 694 749 786 795 901 929
13 189 220 232 433 436 446 462 694 705 712 752 757 836
16 19 161 220 224 261 380 383 433 479 497 680 706 720 894 927 987
15 113 116 207 216 220 233 290 350 433 522 527 607 700 846 987
14 72 80 93 170 189 197 220 302 433 647 694 712 840 956
14 19 27 32 220 332 433 552 566 588 677 835 907 934 987
13 19 32 181 220 433 460 486 588 709 729 782 963 987
16 19 106 220 246 301 433 459 503 560 590 602 720 736 778 985 987
18 4 19 32 39 83 110 168 220 335 396 433 451 612 675 689 739 808 987
12 57 189 197 220 260 433 694 712 722 727 860 982
16 152 175 216 220 233 350 382 433 531 534 637 700 758 762 897 987
14 116 146 207 216 220 233 290 350 433 522 527 700 810 987
14 19 32 51 220 433 460 571 588 662 709 723 729 782 987
14 116 207 216 220 233 290 350 433 522 527 607 700 846 987
16 19 220 221 383 406 433 479 497 648 720 780 823 894 927 977 987
17 189 220 232 323 355 433 436 446 462 663 694 712 752 757 836 914 970
13 141 185 217 220 433 489 694 749 786 795 901 929 986
14 11 220 233 350 385 433 463 594 610 623 657 700 918 987
13 19 188 220 383 433 479 497 720 787 823 894 927 987
12 77 141 185 217 220 309 433 633 658 667 694 749
13 107 141 185 217 220 415 419 433 437 658 694 749 969
15 11 74 122 220 233 350 433 448 463 484 623 657 700 880 987
16 19 24 32 220 332 433 454 564 588 744 745 809 812 934 937 987
11 189 220 433 446 462 694 712 752 757 836 868
14 19 79 95 220 383 433 497 695 699 720 849 894 936 987
14 11 74 122 220 233 350 433 448 463 623 657 700 880 987
16 177 180 216 220 222 233 350 433 531 534 700 717 758 822 857 987
15 19 32 220 332 409 414 433 519 575 588 769 812 821 934 987
14 189 195 197 220 242 287 302 433 474 576 694 710 712 773
13 19 220 224 261 383 433 479 497 680 720 894 927 987
11 52 86 216 220 233 350 387 433 531 700 987
16 19 32 92 198 220 307 332 433 519 575 588 601 812 934 945 987
13 116 207 216 220 233 257 350 433 629 683 700 859 987
15 15 19 32 220 433 460 486 493 588 709 713 729 782 963 987
17 116 131 207 216 220 225 233 290 350 433 520 522 527 609 700 846 987
13 19 220 259 338 433 471 478 497 720 855 899 966 987
8 19 32 220 433 460 588 729 987
15 11 220 233 280 350 433 465 539 548 700 724 754 867 975 987
17 137 160 189 220 252 313 336 368 433 446 608 694 712 747 752 757 830
16 93 189 197 210 220 302 388 412 433 524 580 694 712 761 851 967
15 87 141 158 185 217 220 347 407 433 437 502 521 658 694 749
15 87 141 158 185 217 220 347 433 437 579 658 694 749 864 878
11 19 220 383 433 479 497 523 720 817 894 987
14 11 220 233 350 433 465 539 548 697 700 724 867 975 987
16 19 27 32 88 220 332 395 429 433 450 588 677 734 798 934 987
15 175 216 220 233 350 382 433 531 534 700 758 869 917 955 987
17 19 106 220 246 301 433 459 503 560 590 602 715 720 736 778 985 987
15 175 216 220 233 284 350 382 433 531 534 572 700 758 762 987
15 11 144 220 233 298 350 433 465 548 634 700 724 867 895 987
13 19 32 54 109 162 220 262 411 433 451 482 675 987
12 19 219 220 246 433 488 503 560 602 720 778 987
17 4 19 32 39 83 168 220 303 335 396 433 451 612 675 739 808 987
17 99 189 190 197 220 260 321 408 433 496 514 545 606 694 712 719 727
15 19 106 220 246 301 433 459 503 560 590 602 720 736 778 987
14 19 32 148 220 316 341 353 433 464 588 820 833 934 987
12 19 220 227 237 271 338 433 471 497 720 733 987
14 19 220 268 383 433 479 497 720 780 823 885 894 927 987
17 11 104 208 220 233 350 433 463 498 530 615 623 657 700 731 880 987
14 19 220 383 433 479 497 627 716 720 817 893 894 983 987
16 11 220 233 350 360 386 433 465 494 548 589 700 724 906 948 987
18 160 172 189 199 220 252 313 336 368 370 433 446 608 694 712 752 757 830
15 3 116 207 216 220 233 290 350 433 445 527 542 632 700 987
