993 999
7 195 248 278 721 728 868 883
9 61 261 373 490 534 617 860 912 950
10 29 283 353 354 365 519 555 701 792 946
4 354 669 809 881
6 66 396 564 645 713 736
7 62 242 360 476 641 800 836
10 7 111 182 205 614 674 721 763 829 847
6 137 228 475 650 679 794
5 149 337 380 920 997
868 1 2 4 5 6 7 8 9 10 11 12 13 14 15 16 17 18 19 20 21 22 23 25 26 27 28 29 30 31 32 33 34 35 36 37 38 40 41 43 44 45 46 47 48 50 51 52 53 54 55 57 58 59 61 62 63 64 66 67 68 69 70 71 72 74 75 77 78 79 80 81 82 83 84 86 87 89 90 91 92 93 95 96 97 98 99 100 101 103 104 105 106 107 108 109 110 112 113 114 115 116 117 118 119 123 124 126 127 128 129 130 131 132 133 134 135 136 137 138 139 140 141 142 144 145 146 147 148 149 150 151 152 153 154 155 156 157 158 159 160 162 163 164 165 166 167 168 169 170 171 172 174 175 176 177 178 180 181 182 183 184 185 186 187 188 189 190 191 192 193 194 196 197 198 199 200 201 202 203 204 205 206 207 208 209 210 211 212 213 214 215 216 217 218 219 220 221 222 223 224 225 227 228 229 230 231 232 233 234 235 236 237 239 240 241 242 244 245 246 247 248 249 250 251 252 253 254 255 256 257 258 260 261 263 264 266 267 268 269 270 271 272 274 275 276 277 279 280 281 282 283 284 285 286 287 288 290 291 292 293 294 295 296 297 298 299 300 301 302 303 304 305 306 307 308 309 310 311 312 313 314 315 316 317 319 320 323 325 327 328 329 331 332 333 334 335 336 337 338 339 340 341 342 343 344 345 346 348 349 350 351 352 353 354 355 356 357 358 359 361 362 363 364 366 367 368 370 371 372 373 374 375 376 378 379 382 383 384 386 387 392 394 395 396 397 399 400 401 402 403 405 406 407 408 409 410 411 412 413 414 415 416 417 418 419 420 422 423 424 425 426 427 428 429 430 431 432 433 434 435 436 438 439 440 441 442 443 444 445 446 447 448 449 451 452 454 455 456 457 458 459 460 461 463 464 465 466 467 468 469 470 474 476 477 478 479 480 481 482 483 484 485 487 488 489 490 491 492 493 494 495 496 497 498 501 502 503 504 505 506 508 509 510 511 512 513 514 515 516 517 519 520 521 522 524 525 526 527 528 529 530 531 533 534 536 537 538 539 540 541 542 543 544 545 546 548 549 550 551 553 554 556 557 558 559 560 562 563 564 565 566 567 568 569 570 571 572 573 574 575 576 577 578 579 580 581 582 586 587 588 589 591 592 593 594 595 596 597 598 599 601 602 603 604 605 606 607 608 609 610 611 613 614 615 616 617 618 619 620 621 622 623 625 626 627 628 629 630 631 633 634 635 636 637 638 639 640 641 642 643 644 645 646 647 648 649 650 651 653 654 655 656 657 658 659 660 661 663 665 666 667 668 669 670 671 673 674 675 676 677 678 679 680 681 682 683 684 685 686 687 688 690 691 692 693 694 695 696 697 700 701 702 703 704 705 706 708 709 710 711 713 714 715 716 717 718 719 720 721 722 723 724 726 727 728 729 730 731 733 734 736 737 739 740 741 742 743 744 745 746 747 749 750 752 753 754 755 757 759 760 762 764 765 766 767 768 769 771 772 773 775 776 777 778 780 781 782 784 785 786 787 788 789 790 792 793 794 796 797 799 800 801 802 803 804 806 807 808 809 810 811 813 814 815 816 817 818 819 820 821 822 824 825 826 827 828 829 830 831 832 833 834 835 836 837 838 839 840 842 843 844 845 846 847 848 849 850 852 853 854 855 856 857 858 859 860 862 863 864 865 866 867 868 869 870 871 872 873 874 875 876 877 878 879 880 881 882 883 885 886 887 888 889 890 891 892 893 894 895 896 897 898 899 900 901 902 903 904 905 907 908 909 910 911 912 913 914 915 916 918 919 920 921 922 923 924 925 926 927 929 930 931 932 933 934 936 937 938 939 940 941 942 943 944 946 947 948 949 950 953 954 955 957 958 959 960 961 963 964 965 966 967 968 971 973 974 975 976 977 978 979 981 982 983 984 986 987 988 989 990 991 992 993 994 995 996 998 999
3 296 453 705
9 142 268 275 390 461 485 494 524 871
3 507 828 972
10 45 62 187 255 267 296 565 577 892 951
3 241 361 551
8 244 294 417 635 723 841 974 986
7 187 482 615 624 696 862 931
10 15 248 272 308 453 597 742 756 795 857
2 698 893
5 159 320 387 488 995
2 543 965
4 334 361 629 922
6 17 38 206 410 901 947
7 189 214 421 424 825 848 917
9 276 347 360 703 793 802 845 850 854
8 174 273 529 564 608 612 906 931
4 143 574 582 966
11 38 140 224 225 258 266 352 578 710 901 929
5 119 517 676 813 844
5 82 172 198 758 836
2 268 477
3 237 288 907
5 166 484 613 865 934
7 112 311 314 365 588 935 964
2 413 425
10 13 112 240 337 389 653 691 701 942 947
4 155 288 618 873
5 141 165 401 757 899
11 160 227 260 572 644 761 789 820 833 837 943
6 1 156 207 286 356 529
5 38 156 478 653 887
11 149 207 462 584 638 664 691 765 854 927 990
2 625 782
2 130 707
10 17 64 67 246 388 515 625 762 925 991
3 76 723 839
9 33 193 225 371 718 722 767 938 940
4 371 539 620 769
3 125 665 999
7 26 79 232 404 603 826 909
6 191 365 421 597 646 684
3 27 637 835
10 4 93 252 314 478 562 675 697 768 986
5 287 329 529 578 835
7 41 96 142 233 352 556 852
6 180 227 298 314 380 816
9 44 135 265 392 715 742 935 973 983
8 125 150 466 521 553 750 766 884
6 4 31 73 713 765 987
5 499 535 714 922 981
9 17 140 295 384 515 534 586 775 973
3 304 310 699
9 13 82 199 487 506 707 840 889 940
9 222 235 471 495 653 661 697 907 943
2 306 637
5 305 591 765 781 889
8 33 278 335 400 642 690 718 899
8 33 207 373 400 797 919 921 960
8 17 37 185 273 610 712 854 891
2 285 907
7 15 136 284 538 615 657 970
11 44 109 386 594 641 694 717 817 837 863 996
5 94 332 395 406 649
6 36 159 241 481 510 615
8 133 377 510 523 813 943 962 985
4 708 747 773 963
2 216 814
3 70 213 494
9 32 143 438 449 603 685 792 903 994
7 182 583 589 602 643 686 746
3 221 430 832
2 230 355
5 359 613 805 839 875
4 184 664 672 974
3 635 927 960
5 25 165 318 697 942
2 694 913
3 422 752 956
2 700 933
2 104 705
7 342 688 784 802 857 892 963
10 11 98 174 456 491 511 540 548 688 785
2 91 593
9 68 406 433 706 740 862 874 876 972
9 45 72 288 385 464 559 568 645 820
6 412 541 596 609 648 700
11 30 255 271 362 393 434 451 513 540 559 989
9 202 236 271 431 433 608 610 851 986
9 62 114 143 316 364 382 509 705 882
3 190 197 668
4 57 477 761 777
2 161 242
6 54 102 413 438 528 910
6 4 52 551 674 729 795
10 176 186 209 311 510 586 648 753 911 923
2 341 895
4 490 646 833 979
5 313 450 479 707 775
10 125 423 571 579 581 689 798 814 841 917
3 121 346 652
6 30 134 306 440 602 951
8 38 44 155 207 522 802 805 821
7 165 254 724 821 829 923 956
7 43 370 427 483 593 806 977
8 93 358 364 472 609 612 887 931
9 16 56 87 136 146 359 736 871 996
7 199 295 402 523 739 943 967
11 104 205 208 230 332 397 460 514 536 686 781
6 39 243 502 602 668 973
4 605 804 828 952
8 35 173 178 550 559 712 761 881
7 15 182 351 444 449 695 816
3 556 743 902
9 39 162 234 282 408 415 505 764 989
4 304 432 492 630
10 78 130 306 343 349 391 394 419 913 963
2 104 398
5 118 226 477 618 624
11 85 200 233 297 462 481 514 543 725 911 918
6 164 247 288 313 546 956
7 23 135 248 352 741 832 853
6 93 155 177 334 363 785
8 377 639 643 695 739 876 947 965
7 45 405 407 433 754 850 888
4 27 331 400 473
7 89 154 506 511 572 596 921
4 220 277 845 994
3 193 301 883
5 28 52 94 719 950
7 144 174 242 451 718 869 914
5 78 249 260 363 846
9 2 142 232 487 555 556 571 793 836
8 85 86 484 486 567 758 790 856
8 7 17 297 299 557 600 774 967
10 204 223 234 248 337 427 612 688 803 946
8 71 118 164 266 350 479 547 640
11 48 279 344 466 530 541 643 663 845 855 894
9 55 108 119 223 250 429 589 746 762
7 242 384 521 595 690 881 895
11 48 82 286 340 354 675 692 697 704 744 932
5 108 275 341 502 715
5 237 340 402 410 420
10 27 44 230 329 364 464 509 723 936 965
2 162 898
9 2 87 169 476 642 646 752 898 957
2 57 735
6 141 186 292 468 667 743
4 126 409 756 855
10 58 72 146 155 234 529 585 602 717 766
9 253 303 354 359 437 556 640 715 939
2 376 748
11 40 65 212 249 318 389 426 537 694 803 863
6 189 215 258 437 443 582
10 23 37 172 253 324 490 810 913 960 982
6 30 119 422 516 660 827
8 104 299 309 431 557 566 622 881
6 16 133 273 300 649 689
9 218 239 281 379 436 518 567 768 982
5 279 452 509 766 830
9 97 155 184 201 246 405 454 667 796
11 106 173 221 226 293 404 431 548 591 638 769
5 92 347 459 826 972
6 124 462 522 585 662 907
11 10 103 108 367 407 519 565 668 740 779 829
10 3 230 362 363 365 442 533 586 694 951
11 20 112 292 399 430 532 601 617 975 978 979
8 110 130 161 428 449 630 781 955
2 459 847
8 19 99 107 477 634 817 821 884
2 524 983
9 296 376 573 641 659 739 830 901 942
7 85 166 309 692 817 841 966
10 119 248 291 356 499 523 548 748 836 933
8 106 183 268 648 707 791 846 943
10 6 29 53 141 400 533 788 915 928 958
6 547 630 681 761 810 960
6 110 138 507 531 601 623
3 355 388 781
7 198 210 458 489 693 698 974
2 493 634
6 83 184 443 722 902 928
2 31 55
8 61 81 207 215 446 569 648 981
4 68 245 501 534
3 22 380 752
5 30 359 616 644 842
8 157 333 552 561 885 938 964 996
11 85 212 361 375 397 418 540 762 766 843 914
4 238 290 371 570
7 65 160 541 552 655 687 715
5 227 364 442 476 723
11 77 302 339 408 456 468 679 809 858 902 915
8 197 241 268 441 449 520 644 922
5 362 411 530 533 620
5 49 163 354 745 992
3 32 217 838
9 36 42 225 232 255 326 601 903 905
10 67 125 142 252 254 761 777 838 846 963
7 85 176 510 579 776 786 818
6 109 306 880 881 899 928
5 23 174 315 644 673
7 64 248 321 485 532 805 840
3 675 973 987
10 18 72 339 414 630 715 719 806 952 966
4 160 208 473 777
8 203 327 329 352 421 462 701 911
3 65 97 732
9 3 77 140 254 632 634 823 943 994
11 36 292 304 428 458 617 643 676 705 858 879
9 9 48 84 189 427 562 850 931 949
2 356 534
7 193 245 292 459 528 764 895
10 17 287 346 357 478 587 593 709 920 927
4 53 116 346 699
7 133 276 289 567 800 916 946
3 261 567 827
6 144 146 390 663 726 902
9 42 300 568 616 648 703 713 733 940
9 29 37 83 115 154 202 769 824 862
10 64 149 199 350 358 415 447 548 662 978
9 97 144 295 297 377 668 812 937 986
9 258 264 267 589 642 707 721 744 903
5 392 699 758 800 937
2 23 321
11 114 121 207 225 377 408 504 605 715 861 888
10 101 400 402 484 548 551 669 769 806 933
3 83 194 879
10 64 88 352 541 690 745 757 826 915 962
6 193 318 421 481 524 700
2 16 185
9 115 437 486 573 594 665 744 885 943
6 37 77 470 476 725 840
8 232 282 419 654 655 790 822 880
10 47 53 123 238 430 450 506 516 533 897
6 166 209 364 625 788 894
2 471 945
9 121 124 266 279 329 340 366 642 679
2 540 660
7 5 140 339 781 812 914 920
6 204 253 295 312 384 495
3 520 767 969
2 287 624
5 253 282 673 750 952
4 89 587 685 724
9 300 360 373 402 543 579 632 992 995
8 54 80 234 394 564 641 765 931
3 570 662 948
3 151 435 854
4 156 328 444 509
4 15 86 268 485
9 22 288 300 314 416 506 559 841 902
6 251 472 546 616 829 937
7 122 209 267 315 333 860 913
11 19 59 146 223 252 476 605 697 721 731 754
5 290 381 623 766 806
4 35 507 547 767
8 88 145 259 304 583 589 590 679
5 81 90 292 375 654
7 69 333 404 457 709 894 926
9 153 241 421 445 549 654 861 874 888
3 124 410 799
10 97 340 496 516 526 598 612 619 718 992
8 226 342 368 391 440 619 678 765
10 57 72 133 291 299 329 392 723 879 945
3 271 407 468
11 107 185 197 201 432 457 508 698 747 880 888
10 102 241 260 262 339 447 573 788 823 938
6 12 230 717 820 846 948
11 120 142 219 224 353 392 394 462 646 757 762
2 280 359
9 69 104 140 272 273 457 552 559 563
4 673 691 724 851
2 57 573
6 2 661 757 869 876 950
6 74 250 533 636 715 875
3 376 486 950
3 14 324 791
11 23 53 227 353 397 476 493 613 657 703 822
4 411 592 831 994
6 79 215 345 520 521 679
4 22 117 177 397
5 245 445 467 860 981
9 29 91 118 205 244 401 676 697 871
4 51 75 321 600
10 38 239 355 457 468 565 651 780 945 978
5 80 561 600 869 888
3 165 463 695
2 223 235
7 32 58 124 158 232 267 867
9 74 325 488 525 614 711 715 768 895
4 73 524 579 805
11 14 155 219 255 290 319 549 557 577 886 984
7 5 65 206 219 690 737 976
3 51 153 297
4 97 114 665 994
6 30 41 372 664 829 938
2 599 733
3 44 176 931
9 12 93 170 177 414 510 555 595 625
8 27 98 147 207 610 729 737 868
9 77 161 208 255 258 297 403 549 799
5 101 204 774 864 890
8 77 317 472 658 727 849 879 888
2 64 803
9 99 129 267 427 604 618 625 628 956
3 4 85 841
11 70 106 183 268 354 407 678 854 933 951 966
6 151 169 555 577 705 843
9 142 214 220 304 423 551 792 932 966
4 59 627 884 946
3 78 141 605
9 139 160 223 281 381 483 516 909 975
5 67 324 613 694 704
9 43 68 189 360 377 561 665 694 923
7 111 470 479 599 627 703 813
9 87 164 165 418 452 456 729 779 964
10 105 160 428 444 543 566 730 818 839 875
8 112 275 742 803 844 851 915 985
6 4 68 320 525 953 987
11 65 91 259 370 472 478 532 603 747 832 943
5 66 77 372 742 868
7 347 582 789 809 959 983 993
3 448 594 833
9 257 323 388 397 539 587 633 769 934
4 23 509 820 875
4 105 179 418 436
7 120 258 302 343 618 803 907
8 39 225 400 404 462 544 823 986
8 32 125 244 498 657 672 835 846
5 229 432 558 706 868
4 344 509 835 861
11 99 131 135 208 548 591 698 762 934 959 969
3 55 491 942
4 341 430 554 687
6 1 71 347 453 583 693
6 96 227 277 307 659 905
2 114 154
6 46 239 373 521 540 641
4 55 257 270 420
3 178 428 901
9 136 185 338 363 546 739 854 886 973
11 51 122 358 387 568 599 932 945 952 974 976
2 144 470
7 62 118 174 338 668 729 879
6 31 54 400 482 789 953
6 31 243 488 556 741 974
6 81 132 200 523 622 775
4 93 167 520 555
10 38 85 138 140 381 792 813 858 894 902
5 271 304 517 725 821
4 164 218 359 649
8 353 384 479 647 904 974 975 986
11 75 112 140 233 391 438 527 535 584 597 763
10 94 264 349 474 491 539 560 567 715 985
4 568 587 717 936
8 29 164 472 654 818 835 859 965
11 31 65 162 181 186 214 232 375 399 673 775
2 227 344
5 61 98 264 508 840
11 77 101 153 169 238 274 509 550 652 827 843
9 19 129 190 216 310 437 448 797 885
6 45 242 380 432 520 889
8 43 121 136 244 657 693 703 707
3 552 584 859
5 476 490 569 602 845
5 35 180 717 861 954
6 78 113 136 186 309 355
5 44 191 499 585 857
9 43 190 444 615 798 910 952 988 992
2 397 984
6 2 68 299 450 832 892
11 39 44 107 213 222 358 522 671 677 775 869
5 55 192 195 595 626
5 352 368 812 825 916
4 17 214 231 802
2 323 946
4 45 76 248 619
9 148 348 446 502 690 697 699 849 889
7 64 160 239 283 458 494 826
5 23 201 315 405 695
4 258 587 616 870
10 4 31 193 360 363 424 626 720 956 979
6 51 109 248 517 613 817
10 61 220 314 365 726 836 839 893 954 975
9 156 313 358 359 434 546 548 565 907
4 84 435 459 472
8 72 166 328 336 446 535 636 921
4 358 455 891 960
3 102 423 832
3 516 877 956
8 6 80 136 235 245 749 831 844
10 43 82 135 287 397 469 581 697 745 763
9 153 209 375 467 468 524 579 683 997
4 502 574 815 979
11 186 393 396 471 475 517 620 678 759 796 837
11 64 110 138 367 485 547 582 585 616 755 976
7 20 57 164 471 770 838 920
11 105 233 356 447 469 615 627 705 724 958 993
6 490 494 618 625 905 928
4 157 331 779 801
6 54 236 303 786 798 949
3 44 354 909
4 112 357 811 854
10 43 109 194 197 292 304 586 712 862 981
10 12 25 308 411 521 522 644 659 689 700
10 165 348 539 552 582 647 732 880 939 943
3 46 333 593
10 69 321 323 340 457 794 825 908 996 999
7 213 274 317 408 680 798 805
8 73 332 587 698 821 902 910 978
5 293 400 410 560 594
11 26 266 371 389 681 704 760 901 945 960 966
5 124 397 567 759 955
8 266 330 375 509 620 623 810 882
9 1 160 161 331 390 560 589 636 845
7 225 404 638 792 796 818 902
6 116 242 386 506 822 958
9 88 101 102 212 458 731 734 775 967
10 37 159 160 365 412 562 613 850 879 928
4 508 660 826 876
10 82 257 282 364 492 660 662 685 974 992
10 193 315 417 512 660 734 793 827 873 889
5 359 708 822 893 925
4 4 245 723 973
8 447 571 612 628 688 744 923 954
6 378 511 630 927 940 950
9 7 237 383 413 437 580 630 697 869
6 12 226 238 507 705 933
3 35 199 293
7 237 307 368 460 461 623 653
5 45 74 118 399 813
3 156 640 908
11 15 32 83 195 273 325 662 745 749 970 996
10 323 437 583 629 652 677 741 829 899 980
6 50 107 382 583 856 883
6 358 459 509 737 760 820
7 70 305 346 421 502 882 898
11 4 69 114 124 285 424 501 741 763 913 914
9 1 316 325 327 581 789 829 830 947
4 145 318 622 898
4 382 523 598 753
2 60 671
10 4 171 204 348 359 365 459 576 717 867
4 358 542 816 915
10 161 190 215 320 504 538 573 599 799 927
7 10 188 289 385 632 831 893
8 234 588 699 770 791 852 926 964
5 232 432 584 648 660
8 2 10 248 365 491 565 618 935
7 228 381 513 570 717 754 789
5 22 299 497 653 953
7 27 87 234 557 707 776 867
9 7 24 69 114 122 338 400 558 878
7 67 174 240 280 346 699 935
4 266 450 642 873
2 394 841
7 30 44 75 234 348 402 856
6 225 265 285 436 473 740
8 51 54 119 584 696 739 833 841
8 1 505 514 593 850 873 985 990
2 263 571
11 48 186 396 630 670 703 722 807 812 879 922
2 310 505
3 375 481 570
7 130 182 263 374 508 514 632
9 31 245 272 391 398 565 655 767 874
5 583 614 845 860 929
11 67 80 224 237 345 448 505 519 738 748 906
6 113 566 848 890 959 994
7 505 634 744 861 868 966 987
7 356 507 664 821 851 863 871
3 358 515 641
3 340 640 676
2 495 851
2 326 452
4 233 385 607 799
8 110 288 338 373 389 395 714 753
3 146 357 636
2 93 777
3 639 751 870
6 442 621 707 890 939 948
2 350 861
2 565 783
7 99 251 255 399 642 779 847
4 125 170 439 957
3 547 559 739
7 72 227 393 432 461 527 837
7 189 324 570 572 575 657 770
6 32 170 241 315 821 855
3 89 384 886
4 34 420 648 826
8 317 396 463 465 529 569 717 802
3 178 456 852
2 38 494
4 131 291 643 758
10 43 416 542 698 701 788 963 974 980 983
6 26 128 205 344 610 811
4 79 487 622 708
10 138 203 352 364 508 593 613 618 896 930
8 278 287 397 570 590 644 761 909
11 208 320 427 439 483 486 540 549 576 596 690
3 820 827 937
6 19 306 523 570 595 665
10 156 367 385 431 442 477 532 713 744 895
5 134 290 344 616 767
7 115 276 420 597 631 691 844
11 21 59 361 383 386 727 735 754 975 977 982
4 272 425 517 749
11 44 386 492 648 704 779 782 903 916 965 971
2 782 789
8 162 372 461 526 731 777 928 986
8 22 270 331 352 510 610 774 925
8 1 379 524 608 618 649 717 848
6 55 113 362 610 920 940
3 65 294 647
4 74 151 381 628
3 382 533 960
2 151 949
5 47 142 411 716 903
8 178 298 303 366 563 726 759 856
11 7 102 144 155 246 438 570 658 670 682 779
8 9 20 142 229 250 663 797 970
8 58 226 246 372 569 600 610 718
7 347 488 528 587 750 806 900
4 353 436 701 946
7 51 228 301 508 654 864 917
11 142 268 461 464 600 604 609 843 939 951 960
5 442 773 797 945 956
5 54 93 299 664 835
3 200 520 631
8 158 187 296 643 681 720 799 930
11 53 94 210 222 307 389 504 519 701 848 919
8 260 276 411 551 674 806 889 976
3 208 614 657
4 253 313 832 967
10 327 355 444 523 548 785 795 850 944 965
3 9 97 657
6 360 495 551 601 789 806
2 399 977
2 365 935
9 120 137 234 536 564 580 672 716 747
3 120 393 456
3 131 261 811
9 10 22 42 61 428 445 449 807 813
4 47 421 463 607
9 89 96 478 617 691 799 810 835 967
10 170 287 311 332 421 495 619 673 903 965
11 94 207 240 385 446 463 629 725 787 863 867
2 82 319
4 97 290 336 490
6 8 41 118 610 806 912
8 229 294 531 534 598 686 846 987
6 36 422 494 529 742 803
9 46 198 390 650 657 662 783 849 854
9 41 95 140 340 390 440 459 682 776
8 4 264 411 538 819 829 840 964
9 14 134 362 366 436 713 758 777 949
5 99 216 460 801 950
10 96 260 298 450 460 477 605 629 660 857
7 122 268 383 565 635 718 843
10 47 201 303 338 409 413 607 637 796 841
11 110 200 273 283 410 532 696 820 869 897 908
3 108 344 529
8 46 92 137 147 224 324 530 688
10 154 183 219 401 456 481 632 735 863 926
11 54 58 60 109 325 327 512 752 774 878 895
4 534 588 869 900
11 100 103 183 185 315 380 413 604 720 893 910
7 103 305 354 397 438 813 870
7 106 308 394 418 695 843 877
7 229 268 501 529 530 830 870
6 168 331 356 359 491 551
3 6 266 969
9 13 151 458 486 578 600 613 678 788
2 506 546
11 93 181 318 370 562 592 653 687 732 791 830
6 83 112 201 313 443 878
3 3 70 234
9 13 149 186 208 228 303 355 784 969
2 25 31
7 230 455 473 635 658 665 786
4 23 133 157 388
4 3 144 146 178
10 147 237 449 537 579 634 668 723 783 911
11 75 253 282 286 302 356 416 482 507 715 765
8 4 141 182 521 603 732 907 940
8 163 193 297 344 388 434 617 753
5 145 326 623 870 980
11 43 114 120 374 420 795 800 880 885 925 976
7 44 52 395 544 574 609 743
4 122 609 692 781
4 38 180 639 719
4 222 469 480 539
6 202 734 780 800 809 984
10 32 123 144 347 680 693 730 749 929 953
3 360 513 780
8 23 133 409 443 524 729 903 997
11 43 229 269 295 312 377 531 544 613 737 764
7 97 278 297 352 511 632 777
4 126 321 863 996
10 28 57 262 360 384 398 475 488 666 817
9 15 291 316 350 445 479 568 922 947
9 114 246 659 679 709 774 832 952 964
3 115 458 506
8 246 355 438 452 726 849 877 917
7 80 228 245 248 538 884 908
9 114 141 330 534 638 677 764 780 859
9 128 424 556 666 700 769 823 839 899
8 285 388 569 668 695 709 858 926
6 4 117 206 599 747 910
5 300 342 521 567 843
11 10 225 290 363 377 576 643 730 731 914 923
9 72 95 294 392 437 505 701 896 959
6 42 185 265 355 747 759
2 439 786
5 115 199 303 561 735
6 130 226 378 467 560 740
2 374 948
5 93 594 601 735 878
6 24 28 75 137 530 544
7 259 346 539 594 773 870 902
6 48 233 314 492 643 669
7 112 312 389 392 600 756 953
8 22 151 158 267 341 482 829 879
9 23 94 275 299 407 799 810 836 855
7 39 72 177 313 531 655 686
9 164 300 385 450 553 594 938 953 956
3 219 546 636
10 38 44 287 398 515 555 601 684 852 994
2 576 681
5 68 194 452 696 764
6 9 191 213 384 779 844
11 23 37 51 312 416 632 856 899 901 932 964
4 272 314 424 788
7 116 216 249 255 296 336 974
10 3 117 118 163 164 385 476 526 769 807
4 26 122 196 828
8 81 105 174 251 342 346 680 720
7 116 180 393 404 479 847 849
2 255 722
5 251 309 732 796 938
8 70 75 132 197 345 381 594 935
8 185 325 469 657 697 734 787 832
11 19 40 65 66 187 209 244 298 483 884 950
10 243 360 410 573 602 618 636 722 726 887
8 459 485 525 634 717 834 960 997
7 163 359 486 543 664 952 980
10 82 111 245 273 406 629 711 832 900 916
10 46 119 137 206 212 220 486 695 771 921
4 31 36 148 384
8 2 200 252 433 689 715 746 922
4 151 252 631 775
4 152 224 483 562
3 112 167 289
5 362 393 460 561 653
2 642 817
4 97 183 916 960
5 242 286 363 501 823
11 72 316 462 476 646 676 678 815 942 973 999
11 122 156 307 333 396 467 469 534 540 713 832
4 95 424 759 985
4 10 343 394 521
9 232 374 531 569 610 698 741 909 959
5 386 430 440 524 954
5 545 760 798 838 892
2 257 853
10 14 133 156 158 247 398 497 608 908 935
11 31 84 276 320 666 681 708 875 916 925 933
6 136 137 247 401 478 904
9 88 114 217 226 273 306 363 619 884
11 57 70 75 87 121 169 425 457 509 667 717
6 217 274 498 787 815 934
11 31 208 295 324 376 585 662 769 773 929 983
11 47 67 84 162 224 354 815 816 876 911 956
6 417 643 825 856 980 992
11 57 120 197 290 320 352 483 541 635 698 864
11 108 244 390 462 483 511 537 610 827 867 894
6 89 123 663 729 879 917
2 475 978
9 100 259 321 331 404 509 707 824 913
10 38 347 368 461 631 675 695 735 871 902
8 29 71 218 351 459 615 795 961
4 27 630 757 910
4 522 731 898 908
9 118 212 357 516 546 588 781 805 982
10 77 155 387 663 768 780 888 948 969 972
9 33 47 142 195 540 649 705 734 752
10 113 256 325 359 488 861 876 902 913 961
3 539 755 822
9 406 429 442 474 643 722 764 845 954
10 52 342 468 508 601 606 629 631 700 949
11 69 99 303 329 382 400 452 563 579 821 986
2 444 980
10 86 378 500 627 705 725 737 740 861 998
11 111 151 207 276 399 472 612 787 958 977 989
10 33 228 284 459 580 589 822 842 868 885
7 152 226 295 424 586 937 970
11 31 52 402 433 492 541 542 640 861 992 999
5 214 509 738 813 948
7 132 409 412 429 553 808 893
4 250 334 413 428
9 230 307 341 353 377 552 574 690 790
6 139 284 336 343 804 966
7 34 39 91 121 332 595 921
6 34 371 438 523 531 843
7 106 145 509 755 866 965 989
2 665 882
6 6 10 555 583 699 818
2 172 908
4 8 414 415 605
3 237 762 888
8 4 115 138 217 643 738 788 934
4 56 560 653 930
3 387 504 824
10 36 122 294 455 615 616 668 695 719 849
3 75 235 253
4 349 565 713 859
7 155 285 395 535 653 906 913
11 3 147 191 283 341 450 674 710 772 911 950
6 4 19 130 509 510 896
5 365 398 579 735 786
6 66 233 324 392 463 928
3 18 438 838
11 215 228 290 324 334 399 409 473 521 559 914
4 515 611 842 937
8 46 133 151 526 751 790 830 871
7 262 304 414 575 650 713 753
3 216 585 795
5 187 258 710 923 978
2 86 221
4 16 740 817 857
10 50 289 375 387 557 651 665 709 740 799
3 192 226 554
11 109 188 239 304 335 432 591 596 689 954 991
2 465 712
2 906 926
4 31 267 436 782
7 229 352 457 792 836 842 981
5 59 271 481 767 829
4 317 524 527 788
4 73 182 728 921
10 59 88 252 258 332 370 488 499 790 936
5 35 258 860 915 964
8 28 403 467 582 668 696 729 782
3 134 182 385
2 169 526
5 10 257 300 674 852
9 6 39 118 278 593 620 744 812 912
11 4 130 173 285 344 491 651 657 817 901 924
2 487 803
9 56 201 208 329 485 578 640 659 737
11 56 158 178 352 462 518 736 770 783 801 899
11 31 40 77 179 342 414 719 798 807 889 933
4 26 232 351 467
3 53 226 715
6 242 366 638 767 771 840
3 72 959 995
10 217 359 419 459 537 647 708 832 912 973
3 519 608 966
2 317 450
7 43 303 364 478 530 664 870
5 20 268 280 440 532
6 91 141 327 511 757 793
7 4 90 290 366 824 840 851
9 35 418 602 657 791 838 846 859 871
2 103 862
7 170 294 401 446 608 667 850
11 13 41 162 305 327 761 776 784 833 949 981
9 104 246 344 492 588 627 673 689 966
2 90 345
8 134 161 285 363 642 748 885 953
2 89 942
4 35 298 452 872
10 18 106 156 304 425 612 668 809 902 945
2 271 841
8 86 89 124 222 440 594 747 962
11 5 19 110 140 268 432 505 712 725 758 886
5 192 309 336 654 784
11 77 119 136 244 449 572 624 673 776 797 961
3 168 201 555
2 404 892
11 18 48 102 146 467 509 533 736 790 884 914
11 66 67 126 458 496 541 671 673 753 875 893
11 154 269 330 474 631 694 706 772 810 848 858
2 268 904
5 225 394 806 889 971
9 8 225 458 468 583 790 883 889 908
11 73 170 202 458 542 706 738 848 864 875 909
5 58 539 579 644 978
4 30 107 722 901
5 234 364 401 642 660
4 36 143 179 405
3 201 640 642
10 20 103 110 143 456 502 733 843 868 889
11 101 145 355 369 557 681 683 686 694 764 841
11 58 71 230 321 422 431 530 703 806 833 944
11 155 374 449 516 563 592 646 700 784 828 920
9 36 314 390 458 496 564 617 717 972
11 40 111 138 149 285 312 595 652 678 727 962
10 5 215 233 238 488 609 770 821 851 996
5 48 135 371 671 982
8 65 309 409 698 720 790 895 951
3 14 91 925
5 377 392 670 709 802
11 86 266 313 534 554 606 623 644 722 896 913
7 126 447 469 480 527 771 898
4 358 372 428 454
3 246 418 531
6 60 75 87 258 306 760
4 130 296 750 781
8 241 332 398 467 509 562 608 638
6 82 118 174 324 350 363
10 33 53 60 194 223 279 324 459 678 710
4 22 185 510 926
3 58 475 504
4 175 281 716 883
9 24 93 339 601 826 856 858 945 966
3 74 76 968
4 367 844 939 983
4 497 563 754 903
8 203 380 411 479 598 605 915 923
11 157 163 241 451 489 519 586 647 757 897 931
10 111 130 334 444 496 658 884 888 986 994
3 29 769 812
10 35 166 278 332 535 632 654 737 744 758
4 270 486 568 959
7 97 191 479 484 654 700 856
3 136 503 769
7 58 74 167 169 496 703 993
5 37 674 782 787 840
7 26 107 489 584 791 846 972
11 3 20 92 166 248 261 288 338 341 441 848
8 22 185 202 279 356 824 840 882
5 153 215 456 711 854
4 222 225 808 890
3 611 930 989
4 109 343 362 880
2 24 441
11 38 168 248 452 593 700 708 848 903 988 997
4 119 314 542 982
7 171 328 417 497 560 608 671
6 25 53 71 208 243 373
9 107 284 319 491 615 910 939 941 946
9 105 405 440 478 629 876 907 924 963
4 623 745 779 827
3 129 367 649
4 157 256 633 795
5 343 426 661 674 726
3 603 784 907
4 1 281 495 922
3 412 463 634
6 151 197 225 288 363 489
10 142 285 349 371 393 463 634 710 767 833
10 104 117 186 320 328 596 690 708 860 887
8 121 135 198 247 312 714 827 859
9 11 61 244 466 518 587 607 619 697
11 39 135 151 230 373 457 602 775 975 985 993
6 147 308 314 430 742 765
4 303 563 611 914
10 55 102 125 265 421 485 505 516 573 887
5 156 309 389 685 879
4 474 715 766 911
11 12 61 159 174 460 699 746 816 876 887 992
4 185 327 513 585
7 93 214 249 385 485 661 962
11 60 333 367 425 518 552 719 886 898 923 993
3 426 430 457
3 72 80 484
10 158 162 432 741 756 785 794 956 982 993
3 32 868 920
7 216 266 640 743 759 821 961
7 21 107 285 314 603 613 791
9 79 84 106 178 611 655 849 930 957
11 21 42 135 165 306 338 383 481 710 740 742
3 338 695 986
5 107 486 487 543 839
6 432 528 812 844 959 999
9 193 292 512 537 667 746 786 791 833
4 73 543 848 931
7 15 20 488 525 624 827 868
5 329 684 686 755 807
2 657 761
5 36 99 374 829 904
2 639 721
8 28 39 205 402 622 739 740 859
10 75 77 119 206 345 362 789 821 937 998
6 59 367 532 565 891 914
11 132 138 377 459 513 525 541 594 669 706 738
3 179 449 618
9 5 39 149 278 386 418 834 917 994
11 124 374 423 450 476 532 798 833 849 884 966
5 10 32 137 399 710
7 389 620 647 845 865 945 953
5 338 348 361 492 673
4 39 455 514 848
11 192 257 278 511 620 669 703 754 837 843 864
2 310 328
11 59 121 369 404 434 442 445 554 625 789 797
10 93 238 263 330 350 567 636 844 876 886
11 29 113 156 295 454 472 609 630 876 954 965
4 54 105 192 543
2 129 168
3 32 368 701
9 4 184 450 475 760 830 843 941 967
7 130 404 499 589 725 824 915
3 190 702 816
7 52 250 259 284 420 519 635
5 5 620 678 740 853
9 299 329 345 431 673 879 966 974 981
3 292 726 797
6 55 106 274 674 675 791
11 80 132 253 418 462 537 624 651 872 940 957
6 575 657 659 741 766 793
11 101 117 149 224 299 478 617 766 827 836 921
2 27 35
5 41 71 334 506 970
3 138 434 713
3 42 496 500
3 517 766 992
2 205 477
4 337 644 817 866
9 60 252 333 660 797 854 898 904 972
9 65 379 417 484 524 566 621 699 911
11 98 221 526 575 591 672 698 754 769 838 899
4 438 592 797 834
10 19 323 358 456 503 514 704 857 930 949
2 29 503
3 446 613 618
5 67 373 621 853 854
3 380 927 991
7 30 146 264 368 371 516 707
2 230 620
8 32 219 421 440 662 856 936 970
5 110 329 384 882 924
3 227 264 626
5 33 268 387 593 677
4 155 242 823 952
3 244 484 633
7 263 300 413 439 477 538 549
5 57 375 559 817 843
11 195 263 266 292 409 496 573 586 598 748 909
5 52 142 622 899 916
5 249 300 563 752 753
5 254 269 612 922 943
8 181 182 185 226 368 493 507 977
11 107 313 419 480 484 585 656 711 757 805 977
9 286 351 356 399 434 626 894 904 922
10 76 82 122 183 365 367 460 791 920 923
7 111 383 437 523 573 803 982
2 29 709
6 173 266 381 676 712 934
7 185 279 376 424 438 774 995
6 290 338 582 601 820 891
2 530 550
10 101 398 546 682 733 754 833 865 897 938
9 161 400 425 445 453 476 637 676 833
4 24 27 282 850
9 176 379 626 758 787 824 833 883 936
6 108 109 328 466 607 716
10 62 102 350 368 488 509 534 558 662 666
9 51 66 83 116 120 313 461 569 712
10 34 40 110 127 213 383 499 611 666 973
9 144 596 629 662 721 824 948 967 994
6 12 45 305 388 603 773
9 227 235 303 382 495 629 635 799 932
5 140 247 260 385 561
8 58 284 448 461 625 774 807 907
11 1 273 457 606 612 637 706 874 908 942 985
3 298 919 938
4 8 219 582 618
3 120 171 940
6 35 100 818 822 830 838
6 48 88 308 420 741 913
5 279 390 488 571 694
6 177 594 600 814 878 964
8 83 182 256 284 320 736 804 905
6 389 548 580 670 679 967
7 341 365 489 552 592 691 816
6 134 290 339 349 587 887
3 14 524 612
4 48 194 879 884
9 77 85 428 464 562 612 774 859 979
11 62 287 314 465 496 600 604 770 850 914 952
