499 1000
32 28 84 98 120 153 156 163 165 198 246 257 264 303 311 361 396 410 428 458 504 581 668 732 789 793 796 865 884 915 957 979 988
32 28 40 84 163 168 214 271 273 313 337 341 361 373 378 396 428 430 447 452 462 524 560 595 597 602 697 702 884 914 957 974 980
28 11 28 63 76 84 163 182 270 273 360 361 366 396 406 407 428 430 462 524 625 669 730 809 879 884 955 957 976
28 28 84 157 163 183 196 251 273 283 299 312 322 340 361 396 428 462 537 648 691 759 839 858 861 869 884 947 957
32 28 84 120 163 198 246 257 264 298 303 311 361 396 428 442 458 581 647 668 679 685 716 779 789 793 865 884 915 957 979 984 988
32 11 28 63 76 84 163 182 270 273 360 361 362 366 396 406 407 428 430 462 524 562 625 665 669 730 809 863 879 884 955 957 976
28 28 84 163 168 273 278 337 361 373 394 396 428 430 436 447 452 462 524 560 597 646 697 702 848 884 934 957 980
22 28 84 95 163 273 316 361 396 428 430 456 462 524 527 560 597 699 713 761 884 928 957
28 4 6 28 84 140 163 186 273 316 323 361 396 422 428 430 460 462 524 527 560 597 616 699 761 783 884 900 957
28 28 84 157 163 183 196 251 273 283 299 312 322 340 361 396 428 462 537 648 691 759 839 858 861 869 884 947 957
28 28 84 163 166 168 273 307 337 361 373 394 396 428 430 447 452 462 520 524 560 597 697 702 875 884 934 957 980
24 28 84 157 163 183 196 251 273 283 299 312 322 340 361 396 428 462 648 691 839 858 869 884 957
40 28 35 44 68 75 84 134 137 163 197 223 257 259 284 311 327 361 396 428 431 451 474 479 499 533 534 553 581 612 620 634 682 706 789 820 881 884 957 972 1000
24 28 84 140 163 273 316 361 396 428 430 460 462 491 524 527 560 597 616 699 761 884 900 957 989
28 14 28 77 84 102 163 207 257 291 311 349 361 391 396 428 581 598 624 734 735 789 795 832 865 884 915 957 970
32 28 71 84 155 163 174 254 273 306 361 387 396 428 430 443 447 448 452 462 524 545 560 593 597 613 702 736 762 788 884 957 980
26 28 84 120 153 163 198 246 257 264 303 311 361 396 428 458 504 581 668 789 793 865 884 915 957 979 988
22 11 28 63 76 84 163 182 273 361 396 407 428 430 462 524 625 669 730 884 955 957 976
32 28 68 84 92 112 134 163 191 212 223 257 311 361 396 401 428 479 498 533 540 581 582 583 634 698 745 789 822 837 884 957 968
32 5 28 84 95 100 163 273 316 330 338 361 364 396 428 430 456 462 524 527 560 570 575 597 681 699 713 761 813 826 884 928 957
28 28 76 84 87 108 152 163 210 244 273 361 396 428 430 462 524 531 623 669 694 743 785 827 876 884 894 905 957
26 28 84 157 163 183 187 196 205 251 273 283 299 340 361 396 428 462 516 528 648 691 839 858 869 884 957
30 28 84 89 163 183 196 216 251 273 290 326 361 396 404 428 439 462 535 555 568 691 753 819 843 872 884 913 931 957 958
30 28 68 84 92 112 134 163 191 212 223 257 311 361 396 401 428 475 479 498 533 581 582 634 789 822 837 884 933 957 968
30 28 44 68 75 84 134 160 163 223 257 311 361 370 396 416 428 479 533 569 578 581 592 634 682 692 775 789 881 884 957
18 28 76 84 163 210 273 342 361 396 428 430 462 524 669 694 725 884 957
26 28 53 76 84 163 210 273 331 342 361 396 397 428 430 438 462 484 524 669 673 694 725 749 884 906 957
28 11 28 33 37 74 76 82 84 91 163 202 273 361 396 407 428 430 462 524 525 625 669 722 760 776 884 957 976
28 28 84 139 146 157 163 183 196 251 273 283 299 355 361 396 428 462 539 635 663 691 862 869 884 908 909 943 957
26 28 84 133 155 163 174 273 361 396 428 430 447 452 462 524 556 560 573 597 702 835 854 884 957 969 980
30 28 30 49 84 85 95 163 193 273 282 316 343 361 396 428 430 462 510 524 527 548 560 597 699 713 726 761 792 884 957
34 17 28 40 84 123 163 168 273 280 318 337 341 361 373 378 396 428 430 447 452 462 495 524 560 597 642 697 702 720 884 957 974 980 998
30 28 68 73 80 84 86 105 163 184 230 257 311 361 396 428 463 480 561 581 634 721 789 838 871 884 910 929 932 957 971
16 28 84 163 183 196 251 273 290 361 396 404 428 462 691 884 957
32 28 30 65 84 95 163 241 273 308 316 361 396 414 428 430 434 462 483 510 514 524 527 543 552 560 567 597 699 713 761 884 957
36 17 28 40 57 61 84 163 168 273 297 337 341 361 373 378 396 428 430 447 452 462 495 524 560 597 642 697 702 720 811 829 884 954 957 974 980
28 22 28 84 141 147 163 257 262 311 321 361 396 428 503 505 581 630 644 734 735 789 817 832 865 884 915 957 970
28 28 48 84 163 183 196 227 240 251 273 290 361 393 396 404 428 462 467 509 526 691 714 786 819 843 849 884 957
34 28 35 44 68 75 84 134 137 163 223 229 257 259 284 311 361 396 428 479 499 507 533 553 581 612 620 634 682 789 820 881 884 957 972
34 28 44 68 75 84 134 160 163 223 257 311 361 368 370 396 416 428 446 479 533 541 569 578 581 634 654 682 775 789 831 881 884 902 957
26 1 28 60 84 163 183 196 251 273 290 359 361 396 404 419 428 461 462 526 691 786 819 843 884 950 957
26 11 28 76 84 163 202 239 273 361 396 407 417 428 430 445 462 524 625 669 705 776 842 884 945 957 976
32 28 46 68 73 80 84 86 163 180 181 257 311 328 336 346 361 396 428 435 480 530 561 581 600 634 721 789 871 884 910 957 992
28 28 44 68 84 134 163 190 192 223 257 311 361 396 405 428 479 489 533 581 634 682 723 764 766 789 884 957 977
36 11 28 63 76 84 163 182 270 273 276 361 366 396 406 407 428 430 453 462 524 544 571 606 625 627 659 669 730 768 809 884 916 955 957 963 976
30 28 30 65 84 95 163 195 241 273 316 361 381 396 428 430 434 462 483 510 524 527 560 597 667 699 713 761 884 948 957
28 28 54 84 133 155 163 174 273 339 361 396 428 430 447 452 462 524 556 560 573 597 702 835 854 884 957 969 980
30 28 50 84 89 163 183 196 251 273 290 326 361 396 404 428 439 462 466 555 568 661 691 753 819 843 872 884 923 931 957
26 28 84 146 157 163 183 196 251 273 283 299 355 361 396 428 462 539 635 663 691 869 884 908 909 943 957
34 28 35 44 68 75 84 134 137 138 163 223 257 259 311 361 396 428 479 508 533 572 581 620 634 682 704 709 740 789 820 881 884 957 972
28 28 68 73 80 84 86 163 184 257 311 361 396 428 463 480 561 577 581 634 664 721 789 838 871 884 910 929 957
28 28 48 72 84 163 183 196 251 273 290 354 361 393 396 404 428 462 518 526 558 691 737 786 819 843 884 924 957
28 28 47 51 76 84 108 117 150 163 210 237 244 273 334 361 396 428 430 462 524 623 669 694 743 804 867 884 957
34 28 68 84 134 163 188 191 212 223 257 311 351 358 361 396 401 428 429 479 533 557 581 582 634 742 750 789 794 815 846 856 884 890 957
28 28 84 95 100 163 273 316 330 361 364 396 428 430 456 462 524 527 560 570 575 597 699 713 761 826 884 928 957
28 28 68 69 73 80 84 163 257 311 361 374 396 428 561 563 581 584 587 634 721 789 791 799 871 884 910 936 957
28 11 28 76 84 163 164 182 185 273 329 361 396 407 428 430 450 462 469 522 524 607 625 669 730 884 891 957 976
30 28 84 163 168 273 278 337 361 373 394 396 428 430 436 447 452 462 524 560 597 646 697 702 718 841 848 884 934 957 980
32 28 84 98 120 122 153 156 163 198 246 257 264 303 311 361 396 428 458 504 581 668 710 778 789 793 865 884 887 915 957 979 988
24 28 60 84 163 183 196 251 273 290 359 361 396 404 419 428 462 526 691 786 819 843 884 950 957
30 28 35 44 68 75 84 134 137 163 223 257 311 361 396 428 470 479 533 581 620 634 643 682 781 789 855 881 884 957 972
26 28 84 163 209 257 311 321 345 361 396 428 440 505 581 693 734 735 789 801 832 865 884 915 949 957 970
30 19 28 78 84 140 154 163 273 316 361 375 396 428 430 460 462 491 524 527 560 566 597 616 699 751 761 884 900 957 989
34 28 68 84 134 161 163 191 212 223 234 235 257 277 311 361 396 401 428 479 521 533 557 581 582 634 789 815 845 846 856 870 877 884 957
32 7 28 84 163 211 225 273 286 302 350 361 373 396 428 430 447 452 462 524 542 546 560 597 639 697 702 708 763 884 892 957 980
26 14 28 77 84 102 163 207 257 291 311 349 361 391 396 428 581 624 734 735 789 832 865 884 915 957 970
30 28 30 84 95 111 142 163 261 273 316 361 396 428 430 434 462 483 510 524 527 560 576 597 696 699 713 761 884 957 990
34 12 28 50 84 89 163 183 196 251 273 288 290 326 361 396 404 428 439 462 466 555 568 661 687 691 753 819 843 872 884 912 923 931 957
30 28 68 84 92 112 134 163 191 212 223 257 311 361 396 401 428 479 498 533 581 582 583 634 698 789 822 837 884 957 968
32 28 31 48 84 131 163 183 196 227 240 251 269 273 290 361 393 396 404 428 433 462 467 509 526 691 714 786 819 843 849 884 957
26 28 44 68 75 81 84 134 160 163 223 257 311 361 396 416 428 479 533 581 634 682 789 881 884 957 997
30 11 28 76 84 163 202 239 273 361 396 399 407 428 430 445 462 482 524 610 625 669 739 770 776 802 842 884 945 957 976
30 28 84 163 172 273 286 302 350 361 373 396 428 430 447 452 462 524 546 560 585 597 641 697 702 763 884 892 957 980 981
32 28 48 72 79 84 163 169 183 196 251 263 273 290 304 354 361 393 396 404 428 462 518 526 558 691 737 786 819 843 884 924 957
22 28 44 68 84 134 163 223 257 311 361 396 428 479 489 533 581 634 682 723 789 884 957
40 17 28 40 57 61 84 163 168 224 273 285 297 337 341 361 373 378 396 428 430 447 452 462 495 524 560 580 597 619 642 697 702 720 811 829 884 954 957 974 980
16 28 84 163 273 361 396 428 430 452 462 524 560 597 884 957 980
26 28 84 163 168 273 307 337 361 373 394 396 428 430 447 452 462 520 524 560 597 697 702 884 934 957 980
4 84 428 884 957
18 28 84 163 257 264 303 311 361 396 428 581 789 865 868 884 915 930 957
34 25 28 84 95 151 163 203 252 273 316 330 361 396 428 430 456 462 485 486 494 524 527 547 560 597 699 713 761 826 860 884 928 957 973
32 3 28 76 84 87 108 152 158 163 210 222 244 273 361 396 428 430 462 465 524 531 551 591 623 669 694 743 785 827 884 894 957
24 28 48 72 84 163 183 196 251 273 290 361 393 396 404 428 462 526 691 737 786 819 843 884 957
26 28 84 163 168 273 278 337 361 373 394 396 428 430 447 452 462 524 560 597 697 702 848 884 934 957 980
36 17 28 40 84 123 163 168 201 226 273 280 318 337 341 361 373 378 396 428 430 447 452 462 495 524 560 597 642 697 702 720 884 957 974 980 998
28 28 46 68 73 80 84 86 163 180 257 265 311 336 361 396 428 435 480 561 581 632 634 721 789 871 884 910 957
16 28 84 163 257 311 361 396 428 581 734 789 832 865 884 915 957
40 28 35 44 68 75 84 134 137 163 197 223 257 259 284 311 327 361 396 428 431 451 474 479 499 533 534 553 581 612 620 634 682 706 789 820 881 884 957 972 1000
36 10 28 68 84 134 163 188 191 212 223 257 311 348 351 358 361 396 401 428 429 479 533 557 581 582 634 742 750 789 794 815 846 856 884 890 957
26 28 84 157 163 183 196 251 273 283 299 312 322 340 361 396 428 462 648 691 759 839 858 869 884 947 957
30 5 28 84 95 100 163 273 316 330 361 364 396 428 430 456 462 524 527 560 570 575 597 681 699 713 761 826 884 928 957
24 28 40 84 163 168 273 337 361 373 396 428 430 447 452 462 524 560 597 697 702 884 957 974 980
30 28 84 132 155 163 174 273 361 396 403 428 430 447 452 454 462 524 556 560 564 573 597 702 752 835 854 884 957 980 982
32 11 28 76 84 88 163 164 182 273 314 361 396 407 426 428 430 450 462 478 511 522 524 625 651 669 688 730 884 891 957 967 976
34 28 44 68 75 84 121 134 160 163 176 223 257 311 361 370 396 416 428 479 513 533 569 578 581 634 654 682 775 789 847 881 884 902 957
32 23 28 84 98 120 153 156 163 198 221 246 257 264 303 311 361 396 410 428 458 504 581 668 732 789 793 865 884 915 957 979 988
24 28 53 76 84 163 210 273 319 342 361 382 396 428 430 462 484 524 669 694 725 884 939 957 985
30 2 28 32 55 84 155 163 174 273 281 361 376 396 428 430 447 452 462 497 524 545 560 597 702 762 884 946 957 980 995
28 28 30 65 84 95 163 241 273 316 361 381 396 428 430 434 462 483 510 524 527 560 597 667 699 713 761 884 957
24 28 84 163 179 206 236 257 264 303 311 361 371 396 428 581 586 789 828 865 868 884 915 930 957
28 28 56 84 106 163 179 206 236 257 264 303 311 361 371 396 428 473 581 586 789 828 865 868 884 896 915 930 957
6 84 361 396 428 884 957
38 7 28 83 84 126 163 211 225 273 286 302 350 361 373 396 428 430 447 452 462 496 524 542 546 559 560 597 639 697 702 708 711 763 765 884 892 957 980
36 28 35 44 68 75 84 134 137 138 163 223 257 259 311 361 396 428 479 508 533 572 581 620 634 682 690 704 709 740 789 820 881 884 897 957 972
30 4 6 28 84 107 140 149 163 186 273 316 323 352 361 396 428 430 460 462 524 527 560 597 616 675 699 761 884 900 957
28 28 84 95 100 163 273 316 330 361 396 428 430 456 462 524 527 560 570 597 699 713 728 761 826 853 884 928 957
28 4 6 28 84 140 163 186 273 316 323 352 361 396 428 430 460 462 524 527 560 597 616 675 699 761 884 900 957
26 28 84 157 163 183 196 251 273 283 296 299 355 361 396 428 462 539 608 663 677 691 869 884 909 927 957
32 17 28 40 84 163 168 273 337 341 361 373 378 396 428 430 447 452 462 515 524 560 597 683 697 702 717 720 884 957 974 980 983
26 27 28 84 163 257 264 279 303 311 361 396 428 581 586 700 789 828 865 868 884 915 930 935 957 986 994
26 28 76 84 87 108 163 210 217 244 273 324 361 396 428 430 462 524 531 623 669 694 743 827 884 894 957
30 28 68 84 134 161 163 191 212 223 234 235 257 311 361 396 401 428 479 533 557 581 582 634 789 815 846 856 877 884 957
28 11 28 70 76 84 163 177 182 200 273 361 396 407 428 430 450 462 524 625 650 669 730 818 884 891 922 957 976
28 28 68 84 112 134 163 191 212 223 257 311 361 396 398 401 428 432 479 498 533 581 582 634 789 822 837 884 957
26 11 28 76 84 163 164 182 273 329 361 396 407 428 430 450 462 522 524 607 625 669 730 884 891 957 976
30 28 30 65 84 95 163 241 273 308 316 361 396 428 430 434 462 483 510 524 527 543 552 560 567 597 699 713 761 884 957
36 10 28 68 84 134 163 188 191 212 223 257 311 348 351 358 361 396 401 428 429 479 533 557 581 582 634 742 750 789 794 815 846 856 884 890 957
28 28 84 118 140 163 273 316 317 361 396 428 430 460 462 524 527 536 560 588 597 674 699 748 761 772 884 903 957
32 28 44 68 75 84 121 134 160 163 223 257 311 361 370 396 416 428 479 513 533 569 578 581 634 654 682 775 789 881 884 902 957
36 2 28 32 55 84 113 155 163 174 273 281 361 376 396 412 428 430 447 452 462 497 524 545 560 596 597 652 689 702 738 762 824 884 957 980 999
28 11 28 33 37 74 76 82 84 91 163 202 273 361 396 407 428 430 462 524 525 625 669 722 760 776 884 957 976
28 28 84 135 146 157 163 183 194 196 251 273 283 299 332 355 361 396 428 462 487 539 663 691 869 884 909 943 957
34 12 28 50 84 89 163 183 196 251 273 288 290 326 361 396 404 428 439 462 466 555 568 661 687 691 753 819 843 872 884 912 923 931 957
34 25 28 84 95 151 163 203 252 273 316 330 361 396 428 430 456 462 485 486 494 524 527 547 560 597 699 713 761 826 860 884 928 957 973
34 18 28 84 163 172 273 286 302 309 350 361 373 396 428 430 447 452 462 524 546 560 585 597 621 641 697 702 763 798 884 892 957 980 981
32 28 55 59 84 127 155 163 174 220 273 361 380 396 411 428 430 447 452 462 497 524 545 560 597 638 678 701 702 762 884 957 980
30 28 50 84 89 163 183 196 251 273 290 326 361 396 404 428 439 462 555 568 574 691 753 819 840 843 872 884 923 931 957
26 28 68 73 80 84 115 163 257 311 361 374 396 428 561 581 584 587 634 721 789 825 871 884 910 936 957
28 28 48 84 163 183 196 227 240 251 273 290 361 384 393 396 404 428 462 526 691 714 786 819 823 843 849 884 957
30 28 46 68 73 80 84 86 163 180 257 265 293 311 336 361 396 428 435 480 561 581 632 634 721 780 789 871 884 910 957
30 28 40 84 163 168 214 271 273 337 341 361 373 378 396 428 430 447 452 462 524 560 595 597 697 702 884 914 957 974 980
38 28 44 67 68 75 84 134 160 163 223 257 258 311 361 368 370 396 408 416 428 446 479 533 541 569 578 581 634 654 682 703 775 789 831 881 884 902 957
32 11 28 63 76 84 163 182 247 270 273 276 361 366 396 406 407 428 430 462 524 544 625 627 669 730 768 809 884 926 955 957 976
36 16 28 30 66 84 90 95 142 163 261 273 301 316 325 361 396 428 430 434 462 464 483 510 524 527 560 576 597 629 699 713 761 884 940 957 990
28 28 54 84 133 155 163 174 273 339 361 396 428 430 447 452 462 524 556 560 573 597 702 835 854 884 957 969 980
26 11 28 76 84 163 164 182 273 361 396 407 428 430 450 462 522 524 625 651 669 730 884 891 957 967 976
26 19 28 84 140 154 163 273 316 361 396 428 430 460 462 491 524 527 560 597 616 699 761 884 900 957 989
32 25 28 84 95 151 163 203 273 316 330 361 396 428 430 456 462 486 494 524 527 547 560 597 699 713 761 826 860 884 928 957 973
34 5 28 84 95 100 163 273 316 330 338 361 364 396 428 430 456 462 524 527 560 570 575 597 681 699 713 761 813 826 884 904 920 928 957
36 28 84 98 101 120 153 156 163 165 198 243 246 257 264 303 311 361 396 410 428 458 504 581 655 668 672 732 789 793 796 865 884 915 957 979 988
28 28 30 49 84 85 95 163 193 273 316 343 361 396 428 430 462 510 524 527 548 560 597 699 713 726 761 884 957
28 28 44 68 84 134 163 190 223 257 311 361 396 405 428 479 489 533 581 618 631 634 682 723 766 789 884 957 977
30 28 84 120 163 198 246 257 264 298 303 311 361 396 428 442 458 581 647 668 679 716 789 793 865 884 915 957 979 984 988
26 28 84 129 163 173 183 196 251 266 273 290 361 396 404 428 462 568 691 753 806 819 843 884 898 957 961
30 11 28 45 76 84 163 202 239 273 274 361 396 407 417 428 430 445 462 524 625 669 671 705 776 842 859 884 945 957 976
32 28 35 44 68 75 84 134 137 163 223 257 259 311 361 396 428 479 508 533 572 581 620 634 682 709 740 789 820 881 884 957 972
34 28 71 84 155 163 174 254 273 306 347 361 387 396 428 430 443 447 448 452 462 524 545 560 593 597 613 676 702 736 762 788 884 957 980
30 28 84 129 163 173 183 196 242 249 251 266 273 287 290 361 396 404 428 462 568 617 691 753 806 819 843 884 898 957 961
28 28 71 84 155 163 174 273 306 361 396 428 430 447 448 452 462 524 545 560 593 597 702 736 762 788 884 957 980
30 28 46 68 73 80 84 86 163 180 181 257 311 328 336 361 396 428 435 480 530 561 581 600 634 721 789 871 884 910 957
28 27 28 84 163 257 264 279 303 311 361 396 428 532 581 586 700 789 828 865 868 884 901 915 930 935 957 986 994
28 28 68 73 80 84 115 163 248 257 311 361 374 396 428 561 581 584 587 634 721 789 825 836 871 884 910 936 957
34 28 68 84 134 161 163 191 212 223 234 235 257 277 311 361 396 401 428 479 521 533 557 581 582 634 789 815 845 846 856 870 877 884 957
28 28 84 135 146 157 163 183 194 196 251 273 283 299 332 355 361 396 428 462 487 539 663 691 869 884 909 943 957
24 28 84 163 209 257 311 321 345 361 396 428 440 505 581 734 735 789 832 865 884 915 949 957 970
36 28 44 67 68 75 84 134 160 163 223 257 311 361 368 370 396 416 428 446 479 533 541 569 578 581 634 654 682 703 775 789 831 881 884 902 957
34 28 84 120 163 198 246 257 264 298 303 311 361 396 428 442 458 581 614 647 668 679 685 716 779 787 789 793 865 884 915 957 979 984 988
32 16 28 30 84 95 110 142 163 261 273 316 361 396 428 430 434 462 483 502 510 524 527 560 576 597 699 713 761 884 940 957 990
22 28 84 163 183 196 251 273 290 361 396 404 428 439 462 568 691 753 819 843 872 884 957
30 28 84 143 163 175 238 268 273 286 361 373 396 428 430 447 452 462 524 546 560 589 597 697 702 763 857 884 892 957 980
32 28 29 84 163 168 273 278 337 361 373 394 396 428 430 436 447 452 462 524 560 597 646 697 702 718 841 848 884 895 934 957 980
24 14 28 77 84 163 257 305 311 349 361 396 428 581 624 734 735 789 832 865 884 885 915 957 970
30 11 28 74 76 84 91 163 202 273 275 361 396 407 428 430 462 492 524 625 669 755 774 776 884 907 944 953 957 976 996
30 28 84 98 120 153 156 163 198 246 257 264 303 311 361 396 428 458 504 581 668 710 789 793 865 884 887 915 957 979 988
30 28 68 73 80 84 86 105 163 184 230 257 311 361 396 428 463 480 561 581 634 721 789 838 871 884 910 929 932 957 971
34 3 28 76 84 87 108 152 158 163 210 222 244 273 361 396 428 430 462 465 524 531 551 591 623 669 694 743 754 785 800 827 884 894 957
30 11 28 76 84 88 163 164 182 273 361 396 407 426 428 430 450 462 478 522 524 625 651 669 688 730 884 891 957 967 976
34 17 28 40 84 114 163 168 273 337 341 361 373 378 396 428 430 447 452 462 515 524 560 597 683 697 702 715 717 720 884 957 974 980 983
26 11 28 76 84 163 202 239 273 361 396 399 407 428 430 445 462 482 524 625 669 776 842 884 945 957 976
28 28 76 84 87 108 109 163 210 217 244 273 324 344 361 396 428 430 462 524 531 623 669 694 743 827 884 894 957
16 28 76 84 163 273 361 396 428 430 462 524 625 669 884 957 976
28 28 84 157 163 183 187 196 205 251 273 283 299 340 361 396 428 444 462 516 528 538 648 691 839 858 869 884 957
30 28 84 155 163 174 273 292 300 361 396 428 430 447 452 454 462 524 556 560 573 597 670 702 752 835 854 884 956 957 980
34 28 84 116 163 225 273 286 289 302 350 356 361 373 388 396 428 430 447 452 462 524 546 560 597 697 702 708 747 763 883 884 892 957 980
28 28 84 139 146 157 163 183 196 251 273 283 299 355 361 396 428 462 539 635 663 691 862 869 884 908 909 943 957
24 28 68 73 80 84 86 163 180 257 311 336 361 396 428 480 561 581 634 721 789 871 884 910 957
38 28 35 44 68 75 84 134 137 163 197 223 257 259 284 311 327 361 396 428 451 479 499 533 534 553 581 612 620 634 682 706 789 820 881 884 957 972 1000
28 28 30 84 85 95 163 193 273 316 361 396 428 430 462 506 510 524 527 548 560 597 615 699 713 726 761 884 957
28 28 68 73 80 84 86 163 184 257 311 361 396 428 463 480 561 577 581 634 664 721 789 838 871 884 910 929 957
40 28 34 84 136 143 163 175 268 273 286 295 361 369 373 379 396 428 430 437 447 452 462 472 524 546 560 597 645 658 697 702 733 756 763 777 857 884 892 957 980
34 28 64 84 163 225 273 286 302 350 356 361 373 383 396 428 430 447 452 462 477 524 546 560 597 697 702 708 747 758 763 884 892 957 980
26 11 28 76 84 163 202 239 273 361 396 407 418 428 430 445 462 524 579 625 662 669 776 821 884 957 976
32 28 30 65 84 95 163 241 273 308 316 361 396 414 428 430 434 462 483 510 514 524 527 543 552 560 567 597 699 713 761 884 957
24 11 28 33 74 76 84 91 163 202 273 361 396 407 428 430 462 524 525 625 669 776 884 957 976
28 28 53 76 84 163 210 273 331 342 357 361 396 397 428 430 438 455 462 484 524 605 628 669 694 725 749 884 957
24 28 84 120 163 198 246 257 264 303 311 361 396 428 581 657 789 793 797 865 884 915 957 979 988
24 14 28 77 84 102 163 257 291 311 349 361 396 428 581 624 734 735 789 832 865 884 915 957 970
16 28 84 157 163 183 196 251 273 283 361 396 428 462 691 884 957
28 27 28 84 163 257 264 279 303 311 361 396 428 532 581 586 700 789 828 865 868 884 901 915 930 935 957 986 994
28 11 28 52 76 84 94 163 182 200 273 361 396 407 428 430 450 462 468 524 625 669 730 844 884 891 922 957 976
12 28 84 163 196 251 273 361 396 428 462 884 957
38 28 34 84 136 143 163 175 268 273 286 361 372 373 379 396 428 430 437 447 452 462 524 546 560 597 645 695 697 702 712 763 777 857 884 892 957 975 980
28 11 28 52 76 84 94 163 182 200 273 361 396 407 428 430 450 462 468 524 625 669 730 844 884 891 922 957 976
28 11 28 76 84 163 202 239 273 274 361 396 407 417 428 430 445 462 524 625 669 671 705 776 842 884 945 957 976
30 28 44 68 75 81 84 134 160 163 218 223 232 257 311 361 396 416 428 479 512 533 581 634 682 789 807 881 884 957 997
30 28 48 84 163 183 196 227 240 250 251 273 290 361 384 393 396 404 428 462 526 691 714 786 819 823 843 849 884 888 957
26 24 28 84 147 163 257 311 321 361 396 428 505 581 644 734 735 789 832 852 865 884 915 917 957 962 970
32 28 84 143 163 175 238 268 273 286 361 373 396 428 430 447 452 462 524 546 554 560 589 597 697 702 763 857 866 884 892 957 980
26 28 68 73 80 84 86 163 167 184 257 311 361 396 428 463 480 561 581 634 721 741 789 871 884 910 957
28 28 84 157 163 183 187 196 205 251 273 283 299 340 361 396 428 444 462 516 528 538 648 691 839 858 869 884 957
38 28 34 84 136 143 163 175 268 273 286 361 372 373 379 396 428 430 437 447 452 462 524 546 560 597 645 695 697 702 712 763 777 857 884 892 957 975 980
22 28 76 84 108 163 210 273 361 396 428 430 462 524 623 626 669 694 805 874 884 957 965
30 28 30 39 84 85 93 95 163 193 273 316 361 396 428 430 462 506 510 524 527 548 560 597 615 699 713 726 761 884 957
26 28 68 73 80 84 163 257 311 361 374 396 428 561 563 581 584 587 634 721 789 799 871 884 910 936 957
24 11 28 76 84 163 202 239 273 361 396 407 428 430 445 462 524 579 625 669 776 821 884 957 976
32 11 28 38 63 76 84 163 182 233 255 273 361 366 396 406 407 428 430 462 471 519 524 625 669 686 724 730 814 884 955 957 976
24 27 28 84 163 257 264 267 303 311 361 396 428 581 586 789 828 851 865 868 884 915 930 957 986
28 28 84 155 163 174 273 300 361 396 428 430 447 452 454 462 524 556 560 573 597 702 752 835 854 884 956 957 980
24 28 68 84 134 163 191 212 223 257 311 361 396 401 428 479 533 557 581 582 634 789 856 884 957
34 11 28 63 76 84 163 182 270 273 276 361 366 396 406 407 428 430 453 462 524 544 571 606 625 627 659 669 730 768 809 884 955 957 976
32 18 28 84 163 172 273 286 302 309 350 361 373 396 428 430 447 452 462 524 546 560 585 597 641 697 702 763 884 892 957 980 981
28 28 84 129 163 173 183 196 249 251 266 273 287 290 361 396 404 428 462 568 691 753 806 819 843 884 898 957 961
34 17 28 40 57 84 163 168 273 297 337 341 361 373 378 396 428 430 447 452 462 495 524 560 597 642 697 702 720 811 829 884 957 974 980
32 28 50 84 89 163 183 196 251 273 288 290 326 361 396 404 428 439 462 466 555 568 661 687 691 753 819 843 872 884 923 931 957
34 28 30 49 84 85 95 163 193 273 282 315 316 343 361 385 396 428 430 462 510 524 527 548 560 597 699 713 726 729 761 792 830 884 957
34 17 28 40 84 119 163 168 231 273 297 337 341 361 373 378 396 428 430 447 452 462 495 524 560 597 642 697 702 720 811 884 957 974 980
34 28 84 116 163 225 273 286 289 302 350 356 361 373 388 396 428 430 447 452 462 524 546 560 597 697 702 708 747 763 883 884 892 957 980
32 2 28 32 55 84 155 163 174 273 281 361 363 376 396 427 428 430 447 452 462 497 524 545 560 596 597 689 702 762 884 957 980
26 28 68 73 80 84 163 257 311 361 396 428 561 581 584 587 594 634 656 721 789 812 871 884 889 910 957
30 8 28 84 120 163 198 246 257 264 303 311 361 396 413 425 428 458 581 647 649 668 789 793 865 884 915 957 979 984 988
28 24 28 84 145 147 163 257 311 321 361 396 428 505 581 590 644 734 735 789 832 852 865 884 915 917 957 962 970
26 28 84 157 163 183 196 251 273 283 296 299 355 361 396 428 462 539 608 663 677 691 869 884 909 927 957
20 28 84 157 163 183 196 251 273 283 299 361 396 428 462 648 691 858 869 884 957
28 28 44 68 75 81 84 134 160 163 218 223 257 311 361 396 416 428 479 512 533 581 634 682 789 881 884 957 997
30 11 28 63 76 84 163 182 270 273 360 361 362 366 396 406 407 428 430 462 524 562 625 669 730 809 879 884 955 957 976
32 8 28 84 120 163 198 246 257 264 303 311 361 396 413 425 428 458 581 599 647 649 668 680 789 793 865 884 915 957 979 984 988
32 28 44 68 75 84 134 160 163 223 257 311 361 370 396 416 428 479 533 541 569 578 581 634 654 682 775 789 831 881 884 902 957
28 28 35 44 68 75 84 134 137 163 223 257 311 361 396 428 479 533 581 620 634 682 781 789 855 881 884 957 972
30 28 30 84 95 111 142 163 261 273 316 361 396 428 430 434 462 483 510 524 527 560 576 597 696 699 713 761 884 957 990
28 28 76 84 87 108 152 158 163 210 222 244 273 361 396 428 430 462 524 531 623 669 694 743 785 827 884 894 957
36 7 28 83 84 126 163 211 225 273 286 302 350 361 373 396 428 430 447 452 462 524 542 546 559 560 597 639 697 702 708 763 765 884 892 957 980
26 28 51 76 84 108 117 163 210 237 244 273 334 361 396 428 430 462 524 623 669 694 743 804 867 884 957
30 28 30 65 84 95 163 241 273 316 361 396 428 430 434 462 483 510 524 527 543 560 567 597 699 713 744 761 834 884 957
28 28 84 157 163 183 196 199 205 251 273 283 294 299 340 361 367 396 428 462 516 648 691 839 858 869 884 957 964
22 28 77 84 163 257 311 361 396 428 476 581 624 734 735 789 832 865 884 915 957 970 987
28 28 84 118 140 163 273 316 317 361 396 428 430 460 462 524 527 536 560 588 597 674 699 748 761 772 884 903 957
34 7 28 84 126 163 211 225 273 286 302 350 361 373 396 428 430 447 452 462 524 542 546 559 560 597 639 697 702 708 763 884 892 957 980
26 28 84 140 163 273 316 317 361 396 428 430 460 462 524 527 536 560 588 597 674 699 748 761 772 884 957
28 28 84 95 151 163 273 316 330 361 396 428 430 456 462 486 494 524 527 560 597 699 713 761 826 884 928 957 973
34 28 68 84 92 103 112 134 163 191 212 223 257 311 361 396 401 428 479 498 533 540 581 582 583 634 698 745 789 822 837 873 884 957 968
30 28 43 53 76 84 104 162 163 210 219 273 331 342 361 396 397 428 430 438 462 484 524 669 673 694 725 749 884 906 957
24 28 84 128 163 183 196 251 273 290 359 361 390 396 404 428 462 526 691 786 819 843 884 950 957
30 28 84 95 100 163 273 316 330 361 396 428 430 441 456 462 500 524 527 560 570 597 699 713 728 761 826 853 884 928 957
28 28 55 84 127 155 163 174 273 310 361 396 409 411 428 430 447 452 462 497 524 545 560 597 702 762 884 957 980
34 9 28 84 95 151 163 208 273 316 330 361 396 423 428 430 449 456 462 493 524 527 560 597 699 707 713 761 790 826 884 911 928 957 973
22 28 84 163 209 257 311 321 361 396 428 505 581 734 735 789 832 865 884 915 949 957 970
30 28 55 84 127 155 163 171 174 273 310 320 361 396 409 411 428 430 447 452 462 497 524 545 560 597 702 762 884 957 980
36 28 34 84 136 143 163 175 268 273 286 361 373 379 396 428 430 437 447 452 462 524 546 560 597 645 695 697 702 712 763 777 857 884 892 957 980
22 28 84 129 163 183 196 251 273 290 361 396 404 428 462 568 691 753 819 843 884 957 961
34 28 44 68 84 134 163 190 192 223 256 257 311 361 377 395 396 405 428 479 489 533 581 634 682 684 723 764 766 789 882 884 925 957 977
30 11 28 38 63 76 84 163 182 233 273 361 366 396 406 407 428 430 462 471 519 524 625 669 686 724 730 884 955 957 976
34 28 34 84 143 163 175 268 273 286 361 373 379 396 428 430 447 452 462 524 546 560 597 637 645 697 702 731 763 777 857 884 892 957 980
28 11 28 63 76 84 163 182 270 273 361 366 396 406 407 428 430 462 524 544 625 669 730 768 809 884 955 957 976
30 28 55 84 127 155 163 174 220 273 361 380 396 411 428 430 447 452 462 497 524 545 560 597 678 701 702 762 884 957 980
32 11 28 38 63 76 84 163 182 233 255 273 361 366 396 406 407 428 430 462 471 519 524 625 669 686 724 730 814 884 955 957 976
26 11 28 76 84 163 182 200 273 361 396 407 428 430 450 462 468 524 625 669 730 844 884 891 922 957 976
30 11 28 76 84 163 202 239 273 361 396 399 407 428 430 445 462 482 524 610 625 669 739 770 776 802 842 884 945 957 976
28 28 76 84 108 163 210 237 244 273 361 396 402 428 430 462 523 524 603 623 669 694 743 867 878 884 893 941 957
32 11 28 63 76 84 163 182 247 270 273 276 361 366 396 406 407 428 430 462 524 544 625 627 669 730 768 809 884 926 955 957 976
28 28 46 68 73 80 84 86 163 180 181 257 311 336 361 396 428 435 480 530 561 581 634 721 789 871 884 910 957
26 28 84 120 163 198 213 246 257 264 303 311 361 396 428 581 633 657 789 793 797 865 884 915 957 979 988
24 27 28 84 163 257 264 279 303 311 361 396 428 581 586 789 828 865 868 884 915 930 935 957 986
30 28 68 84 134 163 191 212 223 235 257 311 361 396 401 428 479 533 557 581 582 634 789 815 846 856 877 884 919 957 960
28 28 55 84 127 155 163 174 273 361 380 396 411 428 430 447 452 462 497 524 545 560 597 678 702 762 884 957 980
36 28 42 64 84 163 225 273 286 302 350 356 361 373 383 396 428 430 447 452 459 462 477 524 546 560 597 697 702 708 747 758 763 884 892 957 980
32 9 28 84 95 151 163 273 316 330 361 396 423 428 430 449 456 462 493 524 527 560 597 699 707 713 761 790 826 884 928 957 973
24 28 76 84 108 124 159 163 210 228 273 361 396 428 430 462 524 623 669 694 816 874 884 957 965
28 11 28 76 84 88 163 164 182 273 361 396 407 426 428 430 450 462 522 524 625 651 669 730 884 891 957 967 976
28 28 84 120 163 198 213 215 246 257 264 303 311 361 396 428 581 633 657 789 793 797 865 884 915 952 957 979 988
28 24 28 84 144 147 163 257 260 311 321 361 396 428 505 581 644 734 735 789 832 865 884 899 915 917 957 959 970
32 16 28 30 66 84 95 142 163 261 273 316 325 361 396 428 430 434 462 483 510 524 527 560 576 597 699 713 761 884 940 957 990
26 11 28 33 37 74 76 82 84 91 163 202 273 361 396 407 428 430 462 524 525 625 669 776 884 957 976
28 24 28 84 145 147 163 257 311 321 361 396 428 505 581 590 644 734 735 789 832 852 865 884 915 917 957 962 970
30 13 28 40 84 163 168 214 273 337 341 361 373 378 396 428 430 447 452 462 524 550 560 595 597 697 702 884 957 974 980
28 28 30 84 95 130 163 193 245 253 273 316 335 361 396 428 430 462 510 524 527 560 597 699 713 726 761 884 957
32 2 28 32 55 84 155 163 174 273 281 361 363 376 396 427 428 430 447 452 462 497 524 545 560 596 597 689 702 762 884 957 980
36 28 35 44 68 75 84 134 137 138 163 223 257 259 311 361 396 428 479 508 533 572 581 620 634 682 690 704 709 740 789 820 881 884 897 957 972
24 20 28 76 84 108 163 210 273 361 396 428 430 462 524 549 623 626 669 694 805 874 884 957 965
34 28 84 98 120 153 156 163 165 198 246 257 264 303 311 361 396 410 428 458 504 581 655 668 672 732 789 793 796 865 884 915 957 979 988
18 28 68 73 84 163 257 311 361 396 428 561 581 634 721 789 884 910 957
32 28 84 132 155 163 174 273 361 396 403 428 430 447 452 454 457 462 481 524 556 560 564 573 597 702 752 835 854 884 957 980 982
28 28 30 84 95 130 163 193 245 253 273 316 335 361 396 428 430 462 510 524 527 560 597 699 713 726 761 884 957
30 28 84 157 163 183 196 199 205 251 273 283 294 299 340 361 367 396 428 462 516 648 666 691 746 839 858 869 884 957 964
22 28 84 163 179 257 264 303 311 361 371 396 428 581 586 789 828 865 868 884 915 930 957
26 28 36 48 62 84 163 183 196 240 251 273 290 361 393 396 404 428 462 526 691 786 819 843 849 884 957
26 28 84 140 163 186 273 316 323 361 396 428 430 460 462 524 527 560 597 616 699 727 757 761 884 900 957
40 17 28 40 57 61 84 163 168 224 273 285 297 337 341 361 373 378 396 428 430 447 452 462 495 524 560 580 597 619 642 697 702 720 811 829 884 954 957 974 980
36 11 28 63 76 84 163 182 270 273 276 361 366 396 406 407 428 430 453 462 524 544 571 606 625 627 659 669 730 768 809 884 916 955 957 963 976
30 9 28 84 95 151 163 273 316 330 361 396 428 430 456 462 493 524 527 560 597 699 707 713 761 790 826 884 928 957 973
24 28 84 128 163 183 196 251 273 290 359 361 390 396 404 428 462 526 691 786 819 843 884 950 957
30 14 28 77 84 102 163 207 257 291 311 349 361 391 396 428 581 598 624 640 734 735 789 795 832 833 865 884 915 957 970
34 28 35 44 68 75 84 134 137 163 197 223 257 259 284 311 361 396 428 451 479 499 533 553 581 612 620 634 682 789 820 881 884 957 972
24 28 84 157 163 183 196 251 273 283 296 299 355 361 396 428 462 539 663 691 869 884 909 927 957
24 14 28 77 84 163 257 305 311 349 361 396 428 581 624 734 735 789 832 865 884 885 915 957 970
26 11 28 70 76 84 163 177 182 200 273 361 396 407 428 430 450 462 524 625 669 730 884 891 922 957 976
26 1 28 60 84 163 183 196 251 273 290 359 361 396 404 419 428 461 462 526 691 786 819 843 884 950 957
26 28 32 55 84 155 163 174 273 281 361 396 428 430 447 452 462 497 524 545 560 597 702 762 884 957 980
28 11 28 38 63 76 84 163 182 233 273 361 366 396 406 407 428 430 462 471 519 524 625 669 730 884 955 957 976
32 28 84 143 163 175 238 268 273 286 361 373 396 428 430 447 452 462 524 546 554 560 589 597 697 702 763 857 866 884 892 957 980
26 28 44 68 75 84 134 160 163 223 257 311 361 396 416 428 479 533 569 581 634 682 775 789 881 884 957
30 4 6 28 84 107 140 149 163 186 273 316 323 352 361 396 428 430 460 462 524 527 560 597 616 675 699 761 884 900 957
30 28 84 157 163 183 196 199 205 251 273 283 294 299 340 361 367 396 428 462 516 648 666 691 746 839 858 869 884 957 964
32 28 46 68 73 80 84 86 163 180 181 257 311 328 336 346 361 396 428 435 480 530 561 581 600 634 721 789 871 884 910 957 992
34 17 28 40 84 119 163 168 231 273 297 337 341 361 373 378 396 428 430 447 452 462 495 524 560 597 642 697 702 720 811 884 957 974 980
32 28 35 44 68 75 84 97 134 137 163 223 257 259 311 361 396 428 479 499 533 581 611 612 620 634 682 789 820 881 884 957 972
28 11 28 38 63 76 84 148 163 182 233 273 361 366 392 396 406 407 428 430 462 524 625 669 730 884 955 957 976
26 28 53 76 84 163 210 273 342 361 382 396 428 430 462 484 490 501 524 669 694 725 784 884 939 951 957
28 28 53 76 84 104 162 163 210 273 331 342 361 396 397 428 430 438 462 484 524 669 673 694 725 749 884 906 957
32 28 55 84 127 155 163 170 171 174 178 273 310 320 361 396 409 411 428 430 447 452 462 497 524 545 560 597 702 762 884 957 980
28 28 84 163 172 273 286 302 350 361 373 396 428 430 447 452 462 524 546 560 597 697 702 763 884 892 957 980 981
26 28 53 76 84 163 210 273 331 342 357 361 396 397 428 430 438 455 462 484 524 669 694 725 749 884 957
28 28 68 84 112 134 163 191 212 223 257 311 361 396 398 401 428 432 479 498 533 581 582 634 789 822 837 884 957
30 11 28 45 76 84 163 202 239 273 274 361 396 407 417 428 430 445 462 524 625 669 671 705 776 842 859 884 945 957 976
24 28 68 73 80 84 163 257 311 361 396 428 561 581 584 587 634 721 789 812 871 884 889 910 957
30 28 44 68 75 81 84 134 160 163 218 223 232 257 311 361 396 416 428 479 512 533 581 634 682 789 807 881 884 957 997
30 28 84 155 163 174 273 292 300 361 396 428 430 447 452 454 462 524 556 560 573 597 670 702 752 835 854 884 956 957 980
28 11 28 70 76 84 163 177 182 200 273 361 396 407 428 430 450 462 524 625 650 669 730 818 884 891 922 957 976
24 28 84 147 163 257 262 311 321 361 396 428 503 505 581 644 734 735 789 832 865 884 915 957 970
32 28 29 84 163 168 273 278 337 361 373 394 396 428 430 436 447 452 462 524 560 597 646 697 702 718 841 848 884 895 934 957 980
30 28 47 51 76 84 108 117 150 163 210 237 244 273 334 361 396 420 428 430 462 524 604 623 669 694 743 804 867 884 957
10 28 84 163 361 396 428 581 789 884 957
28 28 44 68 84 134 163 190 223 257 311 361 396 405 428 479 489 533 581 618 631 634 682 723 766 789 884 957 977
22 28 77 84 163 257 311 361 396 428 476 581 624 734 735 789 832 865 884 915 957 970 987
24 28 84 140 163 273 316 361 396 428 430 460 462 524 527 536 560 597 674 699 748 761 772 884 957
18 28 84 163 198 246 257 264 303 311 361 396 428 581 789 865 884 915 957
24 28 44 68 75 84 134 163 223 257 311 361 396 428 479 533 581 620 634 682 789 881 884 957 972
28 28 84 129 163 173 183 196 251 272 273 290 361 365 396 404 415 428 462 568 691 753 806 819 843 884 957 961 993
26 28 36 48 62 84 163 183 196 240 251 273 290 361 393 396 404 428 462 526 691 786 819 843 849 884 957
36 28 35 44 68 75 84 134 137 163 197 223 257 259 284 311 327 361 396 428 451 479 499 533 553 581 612 620 634 682 789 820 881 884 957 972 1000
26 28 30 84 95 163 261 273 316 361 396 428 430 434 462 483 510 524 527 560 597 699 713 761 884 957 990
34 28 44 68 84 134 163 190 192 223 256 257 311 361 377 395 396 405 428 479 489 533 581 634 682 684 723 764 766 789 882 884 925 957 977
26 27 28 84 96 163 204 257 264 267 303 311 361 396 428 581 586 789 828 851 865 868 884 915 930 957 986
30 11 28 76 84 163 164 182 185 273 329 361 386 396 407 428 430 450 462 469 522 524 607 625 669 730 884 891 921 957 976
32 15 28 68 84 125 134 163 188 191 212 223 257 311 361 396 401 428 479 533 557 581 582 634 750 789 794 815 846 856 884 890 957
36 28 42 64 84 163 225 273 286 302 350 356 361 373 383 396 428 430 447 452 459 462 477 524 546 560 597 697 702 708 747 758 763 884 892 957 980
32 11 28 76 84 88 163 164 182 273 314 361 396 407 426 428 430 450 462 478 511 522 524 625 651 669 688 730 884 891 957 967 976
30 28 35 44 68 75 84 134 137 163 223 257 259 311 361 396 428 479 508 533 572 581 620 634 682 789 820 881 884 957 972
34 26 28 55 59 84 127 155 163 174 220 273 361 380 396 411 428 430 447 452 462 497 524 545 560 597 638 678 701 702 762 782 884 957 980
30 28 44 68 75 84 134 160 163 223 257 311 361 370 396 416 428 479 533 569 578 581 592 634 682 692 775 789 881 884 957
30 28 47 51 76 84 108 117 150 163 210 237 244 273 334 361 396 420 428 430 462 524 604 623 669 694 743 804 867 884 957
22 28 84 163 273 361 373 396 428 430 447 452 462 524 546 560 597 697 702 884 892 957 980
28 28 76 84 108 163 210 237 244 273 361 396 402 428 430 462 523 524 603 623 669 694 743 867 878 884 893 941 957
24 28 84 155 163 174 273 361 396 428 430 447 452 462 524 545 560 597 702 736 762 788 884 957 980
32 28 68 84 134 163 191 212 223 235 257 311 353 361 396 401 428 479 533 557 581 582 634 789 815 846 856 877 884 919 938 957 960
30 28 46 68 73 80 84 86 163 180 257 265 293 311 336 361 396 428 435 480 561 581 632 634 721 780 789 871 884 910 957
16 28 84 163 273 361 396 428 430 462 524 527 560 597 761 884 957
28 28 76 84 87 108 152 163 210 244 273 361 396 428 430 462 524 531 623 669 694 743 785 827 876 884 894 905 957
34 15 28 68 84 125 134 163 188 191 212 223 257 311 361 396 400 401 421 428 479 533 557 581 582 634 750 789 794 815 846 856 884 890 957
32 28 48 72 79 84 163 169 183 196 251 263 273 290 304 354 361 393 396 404 428 462 518 526 558 691 737 786 819 843 884 924 957
32 28 84 99 155 163 174 189 273 306 333 361 396 428 430 447 448 452 462 488 524 545 560 597 702 736 762 767 788 880 884 957 980
24 28 58 84 140 163 273 316 361 396 428 430 460 462 524 527 536 560 597 660 699 748 761 884 957
26 28 53 76 84 163 210 273 342 361 382 396 428 430 462 484 490 501 524 669 694 725 784 884 939 951 957
34 2 28 32 55 84 113 155 163 174 273 281 361 376 396 412 428 430 447 452 462 497 524 545 560 596 597 689 702 738 762 884 957 980 999
30 28 84 120 163 198 213 215 246 257 264 303 311 361 396 428 581 633 657 773 789 793 797 864 865 884 915 952 957 979 988
38 17 28 40 57 61 84 163 168 273 297 337 341 361 373 378 396 428 430 447 452 462 495 524 560 580 597 619 642 697 702 720 811 829 884 954 957 974 980
28 28 84 163 166 168 273 307 337 361 373 394 396 428 430 447 452 462 520 524 560 597 697 702 875 884 934 957 980
38 28 44 67 68 75 84 134 160 163 223 257 258 311 361 368 370 396 408 416 428 446 479 533 541 569 578 581 634 654 682 703 775 789 831 881 884 902 957
38 7 28 83 84 126 163 211 225 273 286 302 350 361 373 396 428 430 447 452 462 496 524 542 546 559 560 597 639 697 702 708 711 763 765 884 892 957 980
26 11 28 76 84 163 202 239 273 361 396 407 418 428 430 445 462 524 579 625 662 669 776 821 884 957 976
32 28 35 44 68 75 84 134 137 163 223 257 311 361 396 428 470 479 533 581 620 634 643 682 781 789 850 855 881 884 957 972 978
30 19 28 78 84 140 154 163 273 316 361 375 396 428 430 460 462 491 524 527 560 566 597 616 699 751 761 884 900 957 989
32 28 68 84 92 112 134 163 191 212 223 257 311 361 389 396 401 428 475 479 498 533 581 582 634 789 822 837 884 933 942 957 968
30 14 28 77 84 102 163 207 257 291 311 349 361 391 396 428 581 598 624 640 734 735 789 795 832 833 865 884 915 957 970
28 28 84 155 163 174 273 361 396 403 428 430 447 452 454 462 524 556 560 573 597 702 752 835 854 884 957 980 982
32 28 31 48 84 131 163 183 196 227 240 251 269 273 290 361 393 396 404 428 433 462 467 509 526 691 714 786 819 843 849 884 957
36 28 34 84 136 143 163 175 268 273 286 361 369 373 379 396 428 430 437 447 452 462 524 546 560 597 645 697 702 756 763 777 857 884 892 957 980
32 13 21 28 40 84 163 168 214 273 337 341 361 373 378 396 428 430 447 452 462 524 550 560 595 597 697 702 808 884 957 974 980
26 28 68 73 80 84 86 163 167 184 257 311 361 396 428 463 480 561 581 634 721 741 789 871 884 910 957
26 28 56 84 106 163 179 206 236 257 264 303 311 361 371 396 428 581 586 789 828 865 868 884 915 930 957
28 28 44 68 84 134 163 223 257 311 361 396 405 428 479 489 533 581 622 634 682 723 769 789 803 884 886 957 977
30 28 44 68 84 134 163 190 192 223 257 311 361 396 405 428 479 489 533 581 634 682 723 764 766 789 882 884 925 957 977
34 28 44 68 75 84 121 134 160 163 176 223 257 311 361 370 396 416 428 479 513 533 569 578 581 634 654 682 775 789 847 881 884 902 957
28 22 28 84 141 147 163 257 262 311 321 361 396 428 503 505 581 630 644 734 735 789 817 832 865 884 915 957 970
26 28 76 84 108 163 210 237 244 273 361 396 428 430 462 523 524 603 623 669 694 743 867 878 884 941 957
32 28 84 99 155 163 174 189 273 306 333 361 396 428 430 447 448 452 462 488 524 545 560 597 702 736 762 767 788 880 884 957 980
28 11 28 38 63 76 84 148 163 182 233 273 361 366 392 396 406 407 428 430 462 524 625 669 730 884 955 957 976
24 28 53 76 84 163 210 273 319 342 361 382 396 428 430 462 484 524 669 694 725 884 939 957 985
34 28 30 49 84 85 95 163 193 273 282 315 316 343 361 385 396 428 430 462 510 524 527 548 560 597 699 713 726 729 761 792 830 884 957
32 28 68 84 134 163 191 212 223 235 257 311 353 361 396 401 428 479 533 557 581 582 634 789 815 846 856 877 884 919 938 957 960
28 19 28 84 140 154 163 273 316 361 396 428 430 460 462 491 524 527 560 566 597 616 699 751 761 884 900 957 989
34 28 35 44 68 75 84 134 137 163 223 257 311 361 396 428 470 479 533 581 620 634 643 653 682 781 789 850 855 881 884 937 957 972 978
28 11 28 74 76 84 91 163 202 273 361 396 407 428 430 462 492 524 625 669 755 774 776 884 907 953 957 976 996
16 28 68 84 134 163 257 311 361 396 428 479 581 634 789 884 957
32 23 28 84 98 120 153 156 163 198 221 246 257 264 303 311 361 396 410 428 458 504 581 668 732 789 793 865 884 915 957 979 988
34 28 84 120 163 198 246 257 264 298 303 311 361 396 428 442 458 581 614 647 668 679 685 716 779 787 789 793 865 884 915 957 979 984 988
30 28 84 129 163 173 183 196 242 249 251 266 273 287 290 361 396 404 428 462 568 617 691 753 806 819 843 884 898 957 961
30 28 84 95 100 163 273 316 330 361 396 428 430 441 456 462 500 524 527 560 570 597 699 713 728 761 826 853 884 928 957
20 28 84 157 163 183 196 251 273 283 299 361 396 428 462 539 663 691 869 884 957
30 3 28 76 84 87 108 152 158 163 210 222 244 273 361 396 428 430 462 524 531 591 623 669 694 743 785 827 884 894 957
30 28 41 76 84 87 108 109 163 210 217 244 273 324 344 361 396 428 430 462 524 531 623 636 669 694 743 827 884 894 957
34 28 34 84 143 163 175 268 273 286 361 373 379 396 428 430 447 452 462 524 546 560 597 637 645 697 702 731 763 777 857 884 892 957 980
34 18 28 84 163 172 273 286 302 309 350 361 373 396 428 430 447 452 462 524 546 560 585 597 621 641 697 702 763 798 884 892 957 980 981
30 28 56 84 106 163 179 206 236 257 264 303 311 361 371 396 428 473 565 581 586 789 828 865 868 884 896 915 930 957 991
32 28 44 68 84 134 163 190 192 223 257 311 361 377 395 396 405 428 479 489 533 581 634 682 723 764 766 789 882 884 925 957 977
30 28 56 84 106 163 179 206 236 257 264 303 311 361 371 396 428 473 565 581 586 789 828 865 868 884 896 915 930 957 991
28 28 53 76 84 163 210 273 331 342 357 361 396 397 428 430 438 455 462 484 524 605 628 669 694 725 749 884 957
28 4 6 28 84 140 163 186 273 316 323 361 396 422 428 430 460 462 524 527 560 597 616 699 761 783 884 900 957
30 17 28 40 84 163 168 273 337 341 361 373 378 396 428 430 447 452 462 515 524 560 597 697 702 717 720 884 957 974 980
30 28 41 76 84 87 108 109 163 210 217 244 273 324 344 361 396 428 430 462 524 531 623 636 669 694 743 827 884 894 957
32 8 28 84 120 163 198 246 257 264 303 311 361 396 413 425 428 458 581 599 647 649 668 680 789 793 865 884 915 957 979 984 988
30 28 30 39 84 85 93 95 163 193 273 316 361 396 428 430 462 506 510 524 527 548 560 597 615 699 713 726 761 884 957
30 28 30 65 84 95 163 241 273 316 361 396 428 430 434 462 483 510 524 527 543 560 567 597 699 713 744 761 834 884 957
26 28 84 163 268 273 286 361 373 396 428 430 447 452 462 524 546 560 597 697 702 763 857 884 892 957 980
28 28 44 68 84 134 163 223 257 311 361 396 405 428 479 489 533 581 622 634 682 723 769 789 803 884 886 957 977
26 28 84 147 163 257 262 311 321 361 396 428 503 505 581 630 644 734 735 789 817 832 865 884 915 957 970
34 15 28 68 84 125 134 163 188 191 212 223 257 311 361 396 400 401 421 428 479 533 557 581 582 634 750 789 794 815 846 856 884 890 957
26 28 30 84 95 130 163 193 253 273 316 361 396 428 430 462 510 524 527 560 597 699 713 726 761 884 957
32 28 55 84 127 155 163 170 171 174 178 273 310 320 361 396 409 411 428 430 447 452 462 497 524 545 560 597 702 762 884 957 980
24 20 28 76 84 108 163 210 273 361 396 428 430 462 524 549 623 626 669 694 805 874 884 957 965
28 11 28 76 84 163 202 239 273 361 396 399 407 428 430 445 462 482 524 610 625 669 776 802 842 884 945 957 976
32 2 28 32 55 84 113 155 163 174 273 281 361 376 396 412 428 430 447 452 462 497 524 545 560 596 597 689 702 762 884 957 980
30 28 84 120 163 198 213 215 246 257 264 303 311 361 396 428 581 633 657 773 789 793 797 864 865 884 915 952 957 979 988
32 28 84 98 120 122 153 156 163 198 246 257 264 303 311 361 396 428 458 504 581 668 710 778 789 793 865 884 887 915 957 979 988
32 13 21 28 40 84 163 168 214 273 337 341 361 373 378 396 428 430 447 452 462 524 550 560 595 597 697 702 808 884 957 974 980
28 28 84 89 163 183 196 216 251 273 290 326 361 396 404 428 439 462 535 555 568 691 753 819 843 872 884 931 957
40 28 34 84 136 143 163 175 268 273 286 295 361 369 373 379 396 428 430 437 447 452 462 472 524 546 560 597 645 658 697 702 733 756 763 777 857 884 892 957 980
30 28 48 84 163 183 196 227 240 250 251 273 290 361 384 393 396 404 428 462 526 691 714 786 819 823 843 849 884 888 957
30 28 84 99 155 163 174 189 273 306 361 396 428 430 447 448 452 462 524 545 560 597 702 736 762 767 788 880 884 957 980
36 16 28 30 66 84 90 95 142 163 261 273 301 316 325 361 396 428 430 434 462 464 483 510 524 527 560 576 597 629 699 713 761 884 940 957 990
32 28 35 44 68 75 84 97 134 137 163 223 257 259 311 361 396 428 479 499 533 581 611 612 620 634 682 789 820 881 884 957 972
20 28 84 163 198 246 257 264 303 311 361 396 428 581 789 793 865 884 915 957 988
32 28 68 84 92 112 134 163 191 212 223 257 311 361 389 396 401 428 475 479 498 533 581 582 634 789 822 837 884 933 942 957 968
28 28 84 120 163 198 246 257 264 298 303 311 361 396 428 458 581 647 668 716 789 793 865 884 915 957 979 984 988
28 28 68 73 80 84 86 105 163 184 257 311 361 396 428 463 480 561 581 634 721 789 838 871 884 910 929 932 957
32 11 28 63 76 84 163 182 270 273 360 361 362 366 396 406 407 428 430 462 524 562 625 665 669 730 809 863 879 884 955 957 976
34 9 28 84 95 151 163 208 273 316 330 361 396 423 428 430 449 456 462 493 524 527 560 597 699 707 713 761 790 826 884 911 928 957 973
28 24 28 84 144 147 163 257 260 311 321 361 396 428 505 581 644 734 735 789 832 865 884 899 915 917 957 959 970
34 3 28 76 84 87 108 152 158 163 210 222 244 273 361 396 428 430 462 465 524 531 551 591 623 669 694 743 754 785 800 827 884 894 957
34 5 28 84 95 100 163 273 316 330 338 361 364 396 428 430 456 462 524 527 560 570 575 597 681 699 713 761 813 826 884 904 920 928 957
26 24 28 84 147 163 257 260 311 321 361 396 428 505 581 644 734 735 789 832 865 884 899 915 917 957 970
32 28 40 84 163 168 214 271 273 313 337 341 361 373 378 396 428 430 447 452 462 524 560 595 597 602 697 702 884 914 957 974 980
24 28 76 84 108 163 210 237 244 273 361 396 428 430 462 524 623 669 694 743 867 878 884 941 957
32 28 30 65 84 95 163 195 241 273 316 361 381 396 424 428 430 434 462 483 510 524 527 560 597 601 667 699 713 761 884 948 957
30 2 28 32 55 84 155 163 174 273 281 361 376 396 428 430 447 452 462 497 524 545 560 597 702 762 884 946 957 980 995
24 28 76 84 108 117 163 210 237 244 273 361 396 428 430 462 524 623 669 694 743 804 867 884 957
28 28 68 73 80 84 115 163 248 257 311 361 374 396 428 561 581 584 587 634 721 789 825 836 871 884 910 936 957
26 27 28 84 96 163 204 257 264 267 303 311 361 396 428 581 586 789 828 851 865 868 884 915 930 957 986
30 28 84 163 211 225 273 286 302 350 361 373 396 428 430 447 452 462 524 542 546 560 597 697 702 708 763 884 892 957 980
28 28 68 73 80 84 163 257 311 361 396 428 517 561 581 584 587 594 634 656 721 789 812 871 884 889 910 918 957
34 17 28 40 84 114 163 168 273 337 341 361 373 378 396 428 430 447 452 462 515 524 560 597 683 697 702 715 717 720 884 957 974 980 983
30 28 48 72 84 163 169 183 196 251 273 290 304 354 361 393 396 404 428 462 518 526 558 691 737 786 819 843 884 924 957
38 28 84 98 101 120 153 156 163 165 198 243 246 257 264 303 311 361 396 410 428 458 504 529 581 655 668 672 719 732 789 793 796 865 884 915 957 979 988
24 28 58 84 140 163 273 316 361 396 428 430 460 462 524 527 536 560 597 660 699 748 761 884 957
32 16 28 30 84 95 110 142 163 261 273 316 361 396 428 430 434 462 483 502 510 524 527 560 576 597 699 713 761 884 940 957 990
38 28 84 98 101 120 153 156 163 165 198 243 246 257 264 303 311 361 396 410 428 458 504 529 581 655 668 672 719 732 789 793 796 865 884 915 957 979 988
24 28 68 84 112 134 163 191 212 223 257 311 361 396 401 428 479 533 581 582 634 789 837 884 957
32 28 84 116 163 225 273 286 289 302 350 356 361 373 396 428 430 447 452 462 524 546 560 597 697 702 708 747 763 884 892 957 980
24 28 76 84 108 124 159 163 210 228 273 361 396 428 430 462 524 623 669 694 816 874 884 957 965
32 17 28 40 84 163 168 273 280 337 341 361 373 378 396 428 430 447 452 462 495 524 560 597 642 697 702 720 884 957 974 980 998
32 28 84 132 155 163 174 273 361 396 403 428 430 447 452 454 457 462 481 524 556 560 564 573 597 702 752 835 854 884 957 980 982
32 28 68 84 134 163 188 191 212 223 257 311 358 361 396 401 428 429 479 533 557 581 582 634 750 789 794 815 846 856 884 890 957
28 28 84 129 163 173 183 196 251 272 273 290 361 365 396 404 415 428 462 568 691 753 806 819 843 884 957 961 993
22 28 53 76 84 163 210 273 342 361 396 397 428 430 462 484 524 669 694 725 749 884 957
22 28 76 84 108 159 163 210 228 273 361 396 428 430 462 524 623 669 694 874 884 957 965
34 28 35 44 68 75 84 134 137 163 223 229 257 259 284 311 361 396 428 479 499 507 533 553 581 612 620 634 682 789 820 881 884 957 972
30 28 50 84 89 163 183 196 251 273 290 326 361 396 404 428 439 462 555 568 574 691 753 819 840 843 872 884 923 931 957
30 11 28 76 84 163 164 182 185 273 329 361 386 396 407 428 430 450 462 469 522 524 607 625 669 730 884 891 921 957 976
34 28 35 44 68 75 84 134 137 163 223 257 311 361 396 428 470 479 533 581 620 634 643 653 682 781 789 850 855 881 884 937 957 972 978
16 28 68 84 163 257 311 361 396 428 561 581 634 721 789 884 957
28 8 28 84 120 163 198 246 257 264 303 311 361 396 413 428 458 581 647 668 789 793 865 884 915 957 979 984 988
26 28 44 68 84 134 163 223 257 311 361 396 405 428 479 489 533 581 622 634 682 723 789 884 886 957 977
34 28 71 84 155 163 174 254 273 306 347 361 387 396 428 430 443 447 448 452 462 524 545 560 593 597 613 676 702 736 762 788 884 957 980
22 28 76 84 108 163 210 244 273 361 396 428 430 462 524 531 623 669 694 743 884 894 957
28 28 68 69 73 80 84 163 257 311 361 374 396 428 561 563 581 584 587 634 721 789 791 799 871 884 910 936 957
20 28 68 84 134 163 223 257 311 361 396 401 428 479 533 581 582 634 789 884 957
24 28 53 76 84 163 210 273 342 361 382 396 428 430 462 484 490 501 524 669 694 725 884 939 957
32 28 30 65 84 95 163 195 241 273 316 361 381 396 424 428 430 434 462 483 510 524 527 560 597 601 667 699 713 761 884 948 957
28 28 68 73 80 84 163 257 311 361 396 428 517 561 581 584 587 594 634 656 721 789 812 871 884 889 910 918 957
32 11 28 63 76 84 163 182 270 273 276 361 366 396 406 407 428 430 462 524 544 571 606 625 627 669 730 768 809 884 955 957 976
30 28 84 95 151 163 203 273 316 330 361 396 428 430 456 462 486 494 524 527 560 597 699 713 761 826 860 884 928 957 973
26 28 84 157 163 183 196 199 205 251 273 283 299 340 361 367 396 428 462 516 648 691 839 858 869 884 957
30 28 84 143 163 175 268 273 286 361 373 396 428 430 447 452 462 524 546 560 597 645 697 702 763 777 857 884 892 957 980
28 28 84 146 157 163 183 194 196 251 273 283 299 332 355 361 396 428 462 539 609 663 691 771 869 884 909 943 957
30 28 84 89 163 183 196 216 251 273 290 326 361 396 404 428 439 462 535 555 568 691 753 819 843 872 884 913 931 957 958
26 28 84 129 163 173 183 196 251 272 273 290 361 396 404 428 462 568 691 753 806 819 843 884 957 961 993
28 28 84 95 151 163 273 316 330 361 396 428 430 456 462 493 524 527 560 597 699 707 713 761 826 884 928 957 973
26 28 48 72 84 163 183 196 251 273 290 361 393 396 404 428 462 526 558 691 737 786 819 843 884 924 957
30 11 28 74 76 84 91 163 202 273 275 361 396 407 428 430 462 492 524 625 669 755 774 776 884 907 944 953 957 976 996
34 16 28 30 66 84 95 142 163 261 273 316 325 361 396 428 430 434 462 464 483 510 524 527 560 576 597 629 699 713 761 884 940 957 990
26 11 28 74 76 84 91 163 202 273 361 396 407 428 430 462 492 524 625 669 774 776 884 953 957 976 996
36 17 28 40 84 123 163 168 201 226 273 280 318 337 341 361 373 378 396 428 430 447 452 462 495 524 560 597 642 697 702 720 884 957 974 980 998
28 28 84 146 157 163 183 194 196 251 273 283 299 332 355 361 396 428 462 539 609 663 691 771 869 884 909 943 957
34 28 68 84 92 103 112 134 163 191 212 223 257 311 361 396 401 428 479 498 533 540 581 582 583 634 698 745 789 822 837 873 884 957 968
28 28 84 155 163 174 189 273 306 361 396 428 430 447 448 452 462 524 545 560 597 702 736 762 788 880 884 957 980
26 28 84 140 163 186 273 316 323 361 396 428 430 460 462 524 527 560 597 616 699 727 757 761 884 900 957
24 11 28 74 76 84 91 163 202 273 361 396 407 428 430 462 524 625 669 776 884 953 957 976 996
34 26 28 55 59 84 127 155 163 174 220 273 361 380 396 411 428 430 447 452 462 497 524 545 560 597 638 678 701 702 762 782 884 957 980
22 28 84 155 163 174 273 361 396 428 430 447 452 462 524 560 597 702 835 854 884 957 980
30 28 71 84 155 163 174 273 306 361 387 396 428 430 443 447 448 452 462 524 545 560 593 597 702 736 762 788 884 957 980
30 28 43 53 76 84 104 162 163 210 219 273 331 342 361 396 397 428 430 438 462 484 524 669 673 694 725 749 884 906 957
24 28 84 89 163 183 196 251 273 290 361 396 404 428 439 462 555 568 691 753 819 843 872 884 957
28 28 68 84 134 163 188 191 212 223 257 311 361 396 401 428 479 533 557 581 582 634 789 794 815 846 856 884 957
36 2 28 32 55 84 113 155 163 174 273 281 361 376 396 412 428 430 447 452 462 497 524 545 560 596 597 652 689 702 738 762 824 884 957 980 999
26 28 84 163 209 257 311 321 345 361 396 428 440 505 581 693 734 735 789 801 832 865 884 915 949 957 970
38 28 34 84 136 143 163 175 268 273 286 361 369 373 379 396 428 430 437 447 452 462 472 524 546 560 597 645 658 697 702 756 763 777 857 884 892 957 980
32 28 68 84 134 161 163 191 212 223 234 235 257 277 311 361 396 401 428 479 521 533 557 581 582 634 789 815 846 856 877 884 957
30 28 48 84 163 183 196 227 240 251 269 273 290 361 393 396 404 428 433 462 467 509 526 691 714 786 819 843 849 884 957
32 28 64 84 163 225 273 286 302 350 356 361 373 396 428 430 447 452 462 524 546 560 597 697 702 708 747 758 763 884 892 957 980
32 28 30 49 84 85 95 163 193 273 282 316 343 361 385 396 428 430 462 510 524 527 548 560 597 699 713 726 729 761 792 884 957
