1000 1000
15 1 82 137 251 335 365 394 438 470 599 605 650 840 866 975
16 1 32 137 244 394 438 470 589 599 616 650 655 775 828 850 899
19 1 32 128 137 187 316 357 394 395 438 470 537 578 599 608 650 748 828 963
21 1 23 55 82 137 298 394 438 470 492 516 530 565 599 630 641 650 654 799 833 866
16 29 104 109 137 139 252 394 405 438 470 496 570 617 722 729 737
16 29 104 109 137 392 394 438 468 470 570 617 671 699 729 754 798
17 1 32 116 128 137 357 394 395 438 470 537 599 608 650 748 828 963
20 1 82 118 137 167 198 264 318 394 438 470 472 480 599 650 668 753 833 866 951
16 74 136 137 215 259 266 314 394 435 438 470 593 617 810 857 918
16 137 195 273 311 364 394 424 438 470 548 599 743 764 817 917 923
15 14 64 136 137 199 314 394 438 470 475 514 593 617 877 916
19 1 32 137 194 331 354 394 438 470 599 611 618 650 755 828 850 899 914 991
14 137 273 364 394 438 470 495 599 897 912 926 948 950 972
18 84 136 137 181 197 259 266 314 375 394 438 470 512 593 617 681 725 810
18 1 25 32 128 137 152 357 394 438 470 580 587 599 650 796 826 828 963
11 137 273 364 394 438 470 548 599 743 764 990
16 137 260 273 279 364 394 397 438 470 495 507 599 663 792 896 897
13 1 42 75 137 289 394 438 448 470 599 650 828 986
21 1 82 137 158 198 231 328 391 394 438 470 599 650 682 705 789 795 797 833 866 951
16 14 64 136 137 199 314 394 438 470 475 514 593 617 667 877 916
14 1 82 107 137 394 438 470 599 605 650 834 866 975 984
17 99 137 195 273 311 364 394 424 438 470 548 599 743 764 817 917 923
15 37 137 150 280 314 363 394 438 444 470 479 513 593 617 996
17 37 43 90 137 150 240 314 394 411 438 444 470 479 513 593 617 996
16 37 90 137 150 190 240 314 394 438 444 470 479 513 593 617 996
16 14 78 136 137 314 394 438 470 572 593 617 625 658 712 730 856
15 80 137 273 364 394 438 470 548 552 599 644 743 764 885 990
18 1 82 137 162 189 208 394 438 470 565 599 650 687 816 833 866 945 966
18 117 137 141 225 242 273 312 364 389 394 438 470 506 515 548 599 731 922
19 66 67 74 136 137 259 266 314 394 438 470 503 593 600 607 617 810 821 857
16 30 53 137 273 364 394 438 470 495 508 599 603 624 897 907 948
16 14 78 136 137 309 314 394 438 470 494 523 593 617 706 726 818
19 1 82 137 198 328 374 391 394 438 466 470 599 650 705 789 833 866 887 951
14 1 137 289 394 438 448 470 599 639 650 801 807 828 986
20 1 9 82 137 183 251 335 356 365 394 438 470 599 605 636 650 840 866 935 975
15 37 95 127 137 174 218 314 394 438 470 513 553 593 617 779
19 136 137 259 301 314 394 400 438 470 489 499 593 594 617 703 810 825 884 919
18 1 32 71 137 178 305 380 394 438 470 589 599 616 650 655 828 850 899
14 137 229 236 273 364 376 394 438 470 515 548 599 845 973
19 136 137 259 301 314 340 394 400 438 470 477 482 489 593 617 749 771 810 825
14 79 137 273 364 394 438 470 495 508 599 897 948 962 999
19 22 37 58 137 193 263 314 394 438 470 479 513 593 617 632 719 728 744 868
17 1 82 107 137 248 394 438 470 599 605 650 664 791 834 866 975 984
20 1 36 82 137 198 328 394 431 438 470 599 650 689 789 833 849 866 906 951 983
19 1 82 123 137 298 394 401 438 470 492 516 530 565 599 650 654 799 833 866
21 1 4 34 82 137 298 394 438 470 516 522 530 545 565 599 650 708 735 833 844 866
17 14 78 136 137 176 177 314 394 438 470 494 575 593 617 830 879 881
15 137 222 273 327 364 394 438 470 548 577 599 743 764 817 979
14 1 32 128 137 357 394 438 470 580 587 599 650 828 963
13 14 64 136 137 168 199 314 394 438 470 593 617 989
19 30 137 237 273 364 394 438 470 495 508 557 559 599 603 648 766 897 902 948
18 1 32 40 128 137 173 206 357 394 438 470 538 587 599 650 828 843 963
19 1 27 32 137 194 317 331 394 438 470 599 611 618 650 755 828 850 899 914
18 1 82 137 251 335 356 365 394 438 470 551 599 605 650 785 840 866 975
17 1 32 137 244 394 438 470 589 599 616 650 655 775 781 828 850 899
17 14 78 87 136 137 200 272 314 358 394 438 470 547 593 617 625 712
15 137 195 273 311 364 394 438 470 548 599 743 764 817 917 923
19 1 82 137 298 394 438 470 492 516 530 565 599 630 641 650 654 799 833 866
15 109 137 254 394 438 470 471 487 570 617 661 696 709 924 929
20 1 82 137 198 328 374 391 394 438 466 470 599 650 705 789 833 866 887 928 951
17 14 78 136 137 314 394 438 470 572 593 617 625 658 660 712 730 856
14 137 225 273 291 312 364 371 394 438 470 515 548 599 731
14 137 225 242 273 312 364 394 403 438 470 515 548 599 731
18 1 32 94 137 194 331 339 394 438 470 591 599 650 755 828 850 899 914
16 1 82 83 107 137 155 234 394 438 470 599 605 650 738 866 975
16 1 32 137 357 394 438 470 488 599 645 650 828 841 842 863 882
19 1 27 32 137 194 317 331 394 438 470 599 611 618 650 755 828 850 899 914
15 29 109 137 393 394 410 438 470 570 617 729 835 908 931 949
21 1 82 118 137 142 198 203 394 438 464 470 472 525 566 599 650 833 866 913 951 953
17 1 61 82 137 251 319 365 394 438 470 599 605 650 853 866 975 985
20 1 82 137 198 328 391 394 438 470 483 599 626 650 705 789 797 833 866 886 951
17 14 78 136 137 143 314 379 385 394 416 423 438 470 593 617 712 813
19 1 32 103 128 137 185 274 357 394 438 470 538 587 599 631 650 828 900 963
18 1 32 65 137 244 373 394 438 470 589 599 616 650 655 672 828 850 899
15 136 137 181 259 266 314 394 438 470 534 593 617 681 725 810
20 1 36 82 137 163 198 328 394 431 438 440 470 485 563 599 650 789 833 866 951
20 14 78 136 137 143 314 322 379 385 394 416 423 438 470 593 617 712 813 956 967
20 1 34 82 137 298 394 438 470 516 530 545 565 599 601 650 708 735 833 844 866
19 1 36 82 137 198 328 394 404 431 438 470 485 563 599 650 789 833 866 951
17 1 32 51 137 394 438 470 599 650 666 755 768 783 828 850 899 914
15 137 222 273 327 364 394 438 470 548 577 599 743 764 817 979
14 1 32 137 357 394 438 470 599 629 650 828 842 882 988
17 1 82 137 251 335 356 365 394 438 470 551 599 605 650 840 866 975
14 1 82 107 137 394 438 470 599 605 650 723 834 866 975
18 137 260 273 279 284 324 353 364 383 394 438 470 495 507 599 695 792 897
17 1 82 137 251 303 365 394 408 438 451 470 599 605 650 840 866 975
15 76 137 239 273 364 394 438 470 495 535 599 897 926 948 957
11 137 225 273 364 394 438 470 515 548 599 731
18 1 24 32 108 137 357 394 438 470 488 599 650 804 828 842 863 882 915
17 99 137 195 273 311 364 394 424 438 470 548 599 743 764 817 917 923
18 14 78 87 136 137 200 272 290 314 358 394 438 470 547 593 617 625 712
17 137 269 273 295 364 394 438 445 470 493 495 599 659 676 792 878 897
19 1 10 20 82 107 137 148 394 438 470 599 605 650 740 791 834 866 975 984
8 1 82 137 394 438 470 599 650
17 137 141 225 242 273 312 364 389 394 438 470 506 515 548 599 731 922
16 136 137 181 259 266 314 394 438 470 531 550 593 617 643 810 874
13 29 104 109 137 139 394 438 470 570 617 729 737 1000
16 22 37 137 263 314 394 438 470 479 513 593 617 632 715 719 744
17 14 47 78 136 137 238 288 314 344 385 394 438 470 476 593 617 712
20 1 82 137 198 265 328 394 438 470 599 650 705 720 736 789 794 833 866 951 998
17 29 104 109 137 169 392 394 438 468 470 570 617 671 699 729 754 798
20 1 82 137 294 298 390 394 438 470 516 530 565 590 599 650 708 735 833 866 873
17 29 104 109 112 137 139 394 438 470 570 606 617 722 729 737 839 994
18 1 32 71 137 178 380 394 438 470 589 599 616 650 655 774 828 850 899
12 109 137 184 394 438 470 487 570 617 661 696 777
17 1 32 131 137 394 438 470 599 650 666 755 783 803 828 850 899 914
16 1 82 118 137 198 261 381 394 438 470 599 650 833 837 866 951
18 56 126 137 260 273 279 284 364 383 394 414 438 470 495 507 599 792 897
13 137 273 364 394 438 470 502 548 577 599 743 764 817
19 1 50 68 82 118 137 198 210 381 394 438 470 539 599 650 833 866 937 951
12 1 32 137 357 394 438 470 599 650 828 842 891
19 1 32 119 137 194 337 394 438 461 470 490 491 599 650 755 828 850 899 914
15 14 78 129 136 137 272 314 394 420 438 470 593 617 625 712
18 1 32 128 137 357 388 394 438 470 580 587 599 650 718 826 828 898 963
16 1 82 137 182 253 394 409 438 470 536 576 599 605 650 866 910
17 38 137 225 273 312 332 364 371 394 438 450 470 515 548 599 700 731
15 102 136 137 175 259 301 314 394 400 438 470 593 617 810 903
19 1 32 137 178 315 380 394 438 470 589 599 616 650 655 814 828 831 850 899
17 1 82 137 246 251 365 394 396 438 451 470 599 605 650 840 866 975
18 1 32 137 194 317 331 394 438 470 599 611 618 650 755 828 850 899 914
19 14 78 136 137 176 286 314 343 394 438 470 494 498 593 617 707 805 871 927
14 37 137 314 329 394 438 470 479 513 593 617 690 848 996
18 1 82 118 137 198 210 378 381 394 438 470 539 599 650 833 866 937 951
14 137 161 225 273 364 394 438 470 515 548 599 627 675 889
18 1 32 44 96 120 137 283 357 394 438 470 599 638 650 665 828 842 891
19 14 78 136 137 143 314 379 385 394 416 423 438 470 593 617 712 813 956 967
15 22 37 137 263 307 314 394 438 470 479 513 593 617 632 744
11 109 137 394 438 470 471 487 570 617 661 696
18 14 78 136 137 176 281 314 343 394 438 470 494 524 560 593 617 707 927
18 14 64 136 137 168 199 212 250 314 347 394 438 462 470 593 617 662 989
14 136 137 181 259 266 297 314 394 438 470 550 593 617 810
20 136 137 259 301 314 340 394 400 438 470 477 482 489 593 617 749 771 810 825 921
19 1 32 119 137 194 211 394 438 461 470 490 491 599 650 755 828 850 899 914
16 14 64 133 136 137 199 314 394 438 470 514 593 610 617 713 916
17 19 137 260 273 279 364 394 397 438 470 495 507 599 663 792 896 897
17 1 32 131 137 394 438 470 599 650 666 755 783 803 828 850 899 914
18 136 137 259 301 314 394 400 438 470 489 593 594 617 703 810 825 884 919
15 1 32 137 357 369 394 438 452 470 599 629 650 828 842 882
19 14 78 87 136 137 200 272 290 314 358 368 394 438 470 547 593 617 625 712
17 136 137 259 301 314 394 400 438 470 592 593 602 617 758 808 810 903
22 1 34 82 137 180 298 394 438 470 516 530 545 558 565 599 601 650 708 735 833 844 866
16 137 141 225 242 273 312 364 389 394 438 470 506 515 548 599 731
18 1 82 114 137 182 253 394 409 438 457 470 536 576 599 605 650 866 910
11 37 137 263 314 394 438 470 479 513 593 617
16 30 137 237 273 364 394 438 470 484 495 508 599 603 897 902 948
12 14 64 136 137 199 314 394 438 470 514 593 617
14 18 136 137 282 314 372 394 418 438 470 593 617 810 824
19 1 32 128 137 187 316 357 394 395 438 470 537 578 599 608 650 748 828 963
14 137 273 364 394 438 470 495 599 757 897 926 948 950 972
17 74 136 137 224 259 266 314 394 438 470 593 600 617 810 821 857 869
20 1 34 73 82 91 137 298 394 438 470 516 530 545 565 599 650 708 735 833 866
19 1 82 137 298 394 421 438 470 516 530 565 599 650 697 735 815 833 866 954
19 1 82 137 251 319 346 365 394 438 470 546 599 605 622 650 761 866 975 985
17 1 32 137 394 398 430 438 470 599 650 755 828 847 850 899 909 960
19 1 82 137 198 277 306 328 394 431 438 470 599 650 760 789 833 866 934 951
17 29 86 104 109 137 188 392 394 402 438 442 470 570 617 671 729 754
18 1 24 32 108 137 357 394 438 470 488 599 650 804 828 842 863 882 915
17 1 32 48 137 283 357 394 438 470 599 650 665 692 828 842 891 905
16 1 82 137 251 365 394 408 438 451 470 599 605 650 840 866 975
15 1 82 118 137 198 381 394 438 470 599 650 833 866 937 951
18 30 137 237 273 364 394 438 470 495 508 555 557 599 603 657 897 902 948
18 1 6 82 118 137 198 394 438 470 472 528 599 650 833 852 866 951 953
16 1 32 110 128 137 357 394 395 438 470 599 650 684 748 828 963
17 14 78 87 136 137 272 314 394 438 470 547 593 617 625 635 712 829
18 14 78 87 136 137 272 314 394 438 470 547 593 617 625 635 712 829 976
15 1 82 118 137 198 261 381 394 438 470 599 650 833 866 951
17 14 64 133 136 137 199 314 394 438 453 470 514 593 610 617 713 916
19 1 32 119 137 194 211 394 438 461 470 490 491 599 650 755 828 850 899 914
16 1 63 137 147 267 289 348 394 438 470 478 599 609 650 828 986
21 1 82 137 198 265 328 394 438 470 599 650 680 705 720 733 736 789 833 866 951 998
16 1 100 137 166 289 382 394 438 448 470 599 639 650 801 828 986
13 1 82 137 198 328 394 438 470 599 650 833 866 951
16 137 225 273 291 312 364 371 394 429 438 470 515 548 599 731 944
16 14 64 121 136 137 199 314 394 438 465 470 593 617 634 970 989
20 109 124 137 184 226 262 394 427 438 470 487 570 595 613 617 620 661 696 747 770
17 1 15 32 128 137 185 357 394 438 470 538 587 599 631 650 828 963
17 1 82 114 137 182 253 394 409 438 470 536 576 599 605 650 866 910
16 109 137 254 394 438 470 471 487 567 570 617 661 696 709 924 929
12 30 137 273 364 394 438 470 495 508 599 897 948
15 137 225 273 291 312 364 371 394 438 470 515 548 599 731 944
17 1 82 107 137 394 438 470 486 497 519 599 605 650 723 834 866 975
16 136 137 259 301 314 340 394 400 438 470 489 593 617 670 810 825
18 1 32 59 128 137 173 357 394 438 470 538 587 599 650 780 828 940 963
20 1 28 32 128 137 173 357 394 438 458 470 538 569 587 599 650 769 780 828 963
21 1 82 137 158 198 231 328 391 394 438 470 599 650 682 705 789 795 797 833 866 951
18 117 137 141 225 242 273 312 364 389 394 438 470 506 515 548 599 731 922
19 1 82 137 198 277 306 328 394 431 438 470 599 650 760 789 833 866 934 951
19 14 78 87 136 137 157 200 272 314 326 394 438 470 547 593 617 625 674 712
18 1 6 82 118 137 198 394 438 460 470 472 599 650 833 866 936 951 953
16 5 37 95 137 174 314 325 394 438 470 513 529 593 617 779 992
8 109 137 394 438 470 570 617 729
17 1 6 82 118 137 198 394 438 470 472 599 650 833 866 936 951 953
15 37 137 144 174 214 258 314 394 438 470 513 564 593 617 779
16 136 137 175 259 301 314 394 400 438 455 470 593 617 810 903 920
12 22 37 137 263 314 394 438 470 479 513 593 617
23 1 82 106 137 198 265 268 328 394 438 470 599 650 680 705 720 733 736 789 833 866 951 998
18 29 104 109 112 137 139 394 417 438 447 470 570 606 617 722 729 737 947
18 101 126 137 260 273 279 284 364 383 394 438 470 495 507 599 751 792 897
21 1 32 35 128 137 152 357 384 394 438 454 470 580 587 599 650 750 826 828 938 963
18 1 50 82 118 137 198 210 381 394 438 470 539 599 650 833 866 937 951
15 137 156 273 364 394 438 470 495 535 599 612 716 897 926 948
21 14 78 136 137 300 314 341 394 438 470 481 494 571 593 617 726 746 763 818 959 969
16 37 137 150 280 313 314 363 394 438 444 470 479 513 593 617 996
18 1 10 70 82 107 137 186 394 438 470 599 605 650 791 834 866 975 984
17 14 78 136 137 176 177 314 394 438 470 494 542 575 593 617 823 830
15 46 60 109 137 394 438 470 471 487 570 617 637 661 696 924
14 136 137 259 301 314 394 400 438 470 593 617 808 810 903
16 1 82 137 298 394 438 470 492 516 530 565 599 650 654 833 866
17 109 137 184 226 394 427 438 470 487 570 617 620 661 696 747 752 865
13 137 225 273 364 394 438 470 515 548 599 627 675 889
18 1 32 116 128 137 321 357 394 395 438 470 537 599 608 650 748 828 963
15 29 104 109 137 392 394 438 468 470 570 617 671 729 754 932
18 1 32 94 137 194 331 339 394 438 470 591 599 650 755 828 850 899 914
16 14 78 136 137 176 177 314 394 438 470 494 575 593 617 823 830
17 14 78 136 137 176 286 314 343 394 438 470 494 593 617 707 805 927
23 1 82 137 198 328 394 434 438 470 541 585 599 650 705 720 789 833 838 855 859 866 951 998
18 14 64 133 136 137 199 314 394 438 470 514 540 593 617 713 714 916 997
14 37 95 137 174 314 394 438 470 513 553 593 617 779 968
18 1 82 137 298 390 394 438 470 516 530 565 590 599 650 708 735 833 866
16 1 32 137 394 438 470 599 650 666 755 783 803 828 850 899 914
15 79 137 273 364 394 438 470 495 508 599 897 911 948 962 999
18 8 136 137 259 301 314 394 400 438 470 489 593 617 810 825 884 919 977
19 14 31 78 136 137 154 314 341 394 438 470 494 593 617 673 726 763 818 995
16 1 63 137 147 267 289 348 394 438 470 478 599 609 650 828 986
19 1 32 97 137 394 398 430 438 470 599 650 717 755 828 847 850 899 909 960
17 1 82 137 251 319 346 365 394 438 470 546 599 605 650 866 975 985
14 1 2 63 137 147 267 289 394 438 470 599 650 828 986
17 109 137 184 226 394 427 438 470 487 570 617 620 661 696 747 752 865
16 137 225 242 273 312 351 352 364 394 403 438 470 515 548 599 731
14 14 78 136 137 176 314 343 394 438 470 494 593 617 858
20 1 82 137 198 328 374 391 394 438 466 470 599 650 705 789 833 866 887 928 951
11 1 63 137 289 394 438 470 599 650 828 986
18 14 64 136 137 199 213 314 394 438 469 470 475 514 593 617 667 877 916
17 109 137 254 394 438 470 471 487 517 567 570 617 661 696 709 924 929
17 22 37 137 263 307 314 394 438 470 479 513 593 617 632 744 800 867
15 1 137 140 276 289 394 419 438 448 470 599 639 650 828 986
21 14 78 136 137 154 314 341 394 438 470 473 494 593 617 673 726 763 776 778 806 818
12 109 137 184 394 438 470 487 570 617 661 696 747
14 136 137 181 259 266 297 314 394 438 470 550 593 617 810
15 30 53 137 273 364 394 438 470 495 508 599 603 897 907 948
17 1 32 137 394 438 470 599 650 666 677 755 768 783 828 850 899 914
14 29 109 137 393 394 410 438 470 570 617 729 908 931 949
15 1 82 137 336 394 437 438 470 516 530 565 599 650 833 866
21 1 36 82 137 149 163 198 328 394 431 438 440 470 485 563 599 650 789 833 866 951
18 1 32 137 204 394 438 470 599 650 666 677 755 768 783 828 850 899 914
18 1 32 128 137 173 357 394 438 470 538 569 587 599 650 769 780 828 963
17 14 47 78 136 137 238 288 314 344 385 394 438 470 476 593 617 712
16 14 78 87 136 137 272 314 394 438 470 547 593 617 625 635 712
22 1 82 137 198 310 328 394 438 470 574 599 650 705 720 789 809 833 854 859 866 951 998
19 1 34 82 91 137 298 394 438 470 516 530 545 565 599 650 708 735 833 866
18 14 77 78 136 137 309 314 394 438 470 494 523 593 617 706 726 739 818
21 89 136 137 259 301 314 340 394 400 438 470 477 482 489 556 582 593 617 749 810 825
18 1 32 128 137 187 357 394 395 438 470 537 578 599 608 650 748 828 963
11 29 104 109 137 394 438 470 570 617 729 754
15 29 104 109 137 139 252 394 405 438 470 570 617 722 729 737
17 29 104 109 112 137 139 394 438 470 570 606 617 722 729 737 839 994
18 1 82 118 137 198 220 318 394 433 438 470 472 599 650 668 833 866 951
17 109 137 184 226 394 427 438 470 487 570 613 617 620 661 696 747 770
21 14 78 136 137 154 314 341 394 438 470 473 494 593 617 673 726 763 776 778 806 818
19 136 137 259 301 314 394 400 438 470 489 499 593 594 617 703 810 825 884 919
20 72 136 137 175 259 301 314 387 394 400 438 446 470 593 617 745 810 903 920 942
18 1 32 52 119 137 194 394 438 461 470 490 599 650 755 828 850 899 914
13 136 137 282 314 372 394 418 438 470 593 617 810 824
13 37 137 314 329 394 438 470 479 513 593 617 690 996
18 1 32 128 137 146 357 394 438 470 538 587 599 631 650 732 828 901 963
14 14 78 136 137 288 314 385 394 438 470 476 593 617 712
14 137 225 273 312 332 364 371 394 438 470 515 548 599 731
15 14 49 64 136 137 168 199 314 347 394 438 470 593 617 989
18 136 137 175 259 301 314 394 400 438 449 470 518 593 617 745 810 903 920
16 14 78 136 137 176 314 343 394 438 470 494 593 617 707 805 927
16 1 82 137 198 328 394 431 438 470 599 650 760 789 833 866 951
18 1 32 48 137 283 357 394 438 467 470 599 650 665 692 828 842 891 905
17 14 64 136 137 199 314 394 438 470 514 593 617 642 762 819 877 916
17 38 137 225 273 312 332 364 371 394 438 450 470 515 548 599 700 731
20 1 82 118 137 198 203 394 438 464 470 472 525 599 650 788 833 866 913 951 953
18 101 126 137 260 273 279 284 364 383 394 438 470 495 507 599 751 792 897
17 136 137 259 301 314 394 400 438 470 592 593 602 617 758 808 810 903
16 5 37 95 137 174 314 325 394 438 470 513 529 593 617 779 992
2 394 438
19 1 32 97 137 394 398 430 438 470 599 650 717 755 828 847 850 899 909 960
6 137 394 438 470 593 617
15 137 273 345 364 394 438 470 548 552 554 599 743 764 782 990
14 137 273 364 394 438 470 495 599 897 912 926 948 950 972
13 37 137 314 329 394 438 470 479 513 593 617 987 996
17 14 78 136 137 143 314 385 394 423 438 470 511 593 617 712 765 813
15 7 137 273 364 376 377 394 438 470 515 548 599 651 827 845
18 1 82 137 219 247 298 394 438 470 516 530 565 599 650 735 833 866 954
15 1 82 107 137 394 438 470 497 599 605 650 723 834 866 975
19 1 12 82 118 137 172 198 381 394 438 470 539 599 650 787 833 866 937 951
15 137 225 242 273 312 364 394 438 470 506 515 548 599 731 811
12 1 75 137 289 394 438 448 470 599 650 828 986
16 14 16 78 136 137 314 394 438 470 494 593 617 726 763 818 961
21 1 36 82 137 198 216 328 394 431 438 470 599 650 689 756 789 833 849 866 872 951
17 29 104 109 137 299 392 394 407 438 468 470 570 617 671 729 754 932
14 1 82 137 208 394 413 438 470 565 599 650 833 866 945
17 1 82 118 137 198 394 438 470 472 525 599 650 833 866 913 951 953
13 136 137 181 259 266 314 394 438 470 593 617 681 810
14 137 273 345 364 394 438 470 548 552 554 599 743 764 990
16 1 32 128 137 173 357 394 438 470 538 587 599 650 828 843 963
19 14 78 136 137 176 286 314 343 394 438 470 494 498 593 617 707 805 871 927
19 17 84 136 137 181 197 259 266 314 375 394 438 470 512 593 617 681 725 810
19 102 136 137 175 243 259 301 302 314 394 400 438 470 593 604 617 810 903 981
17 136 137 181 259 266 314 370 394 438 470 531 550 593 617 643 810 874
17 1 32 137 232 296 357 394 438 470 488 599 650 804 828 842 863 882
17 1 61 82 137 251 319 365 394 438 470 599 605 650 853 866 975 985
15 109 137 254 394 438 470 471 487 544 570 617 661 696 924 929
16 29 86 104 109 137 188 392 394 402 438 470 570 617 671 729 754
21 1 32 71 137 151 178 367 380 394 438 470 589 599 616 646 650 655 774 828 850 899
17 14 64 136 137 168 199 314 334 342 347 394 438 470 593 617 662 989
13 14 78 136 137 288 314 385 394 438 470 593 617 712
19 1 32 35 128 137 152 357 384 394 438 470 580 587 599 650 750 826 828 963
18 109 137 254 394 438 470 471 487 517 567 570 598 617 661 696 709 924 929
18 30 137 237 273 364 394 438 470 495 508 557 559 599 603 766 897 902 948
17 1 32 137 223 308 394 438 463 470 526 589 599 650 655 828 850 899
19 1 82 137 298 390 394 438 470 516 530 565 590 599 650 708 735 833 866 873
14 37 95 137 174 314 394 438 470 513 553 593 617 779 968
18 14 78 136 137 292 314 394 438 470 572 593 617 625 658 660 712 730 856
14 14 64 136 137 199 314 394 438 465 470 593 617 970 989
17 1 82 92 137 336 394 437 438 470 516 530 532 565 599 650 833 866
18 14 78 87 136 137 272 314 394 438 470 547 593 617 625 635 712 829 976
15 14 78 136 137 191 314 394 438 470 593 617 625 712 730 856
15 1 32 137 380 394 438 470 589 599 616 650 655 828 850 899
19 1 6 82 118 137 198 233 394 438 470 472 528 599 650 833 852 866 951 953
15 37 95 137 174 314 325 394 438 470 513 529 593 617 779 992
17 1 32 128 137 357 388 394 438 470 580 587 599 650 826 828 898 963
17 1 6 82 118 137 198 394 438 470 472 528 599 650 833 866 951 953
17 1 82 137 198 328 394 431 438 470 599 650 760 789 833 866 934 951
21 89 136 137 259 301 314 340 394 400 438 470 477 482 489 556 582 593 617 749 810 825
16 38 137 225 273 312 332 364 371 394 438 450 470 515 548 599 731
17 1 32 128 137 173 206 357 394 438 470 538 587 599 650 828 843 963
19 1 32 71 137 178 367 380 394 438 470 589 599 616 650 655 774 828 850 899
16 29 104 109 137 392 394 438 468 470 570 581 617 671 699 729 754
20 1 82 137 198 328 391 394 438 470 599 615 619 650 705 789 797 833 866 886 951
8 37 137 314 394 438 470 593 617
17 1 32 35 128 137 152 357 394 438 470 580 587 599 650 826 828 963
17 37 90 137 150 190 240 314 394 438 444 470 479 513 593 617 864 996
14 137 138 273 360 364 376 394 438 470 515 548 599 888 895
19 30 137 237 273 364 394 438 470 495 508 557 559 599 603 648 766 897 902 948
16 137 195 273 311 364 394 438 470 548 599 649 743 764 817 892 917
20 1 34 82 137 298 394 438 470 516 522 530 545 565 599 650 708 735 833 844 866
16 136 137 181 259 266 314 394 438 470 531 550 593 617 710 810 965
21 1 32 35 128 137 152 357 384 394 438 454 470 580 587 599 650 750 826 828 938 963
18 14 64 136 137 199 257 314 394 438 470 514 593 617 642 762 819 877 916
14 137 273 295 364 394 428 438 470 493 495 568 599 792 897
14 137 239 273 364 394 438 470 495 535 599 897 926 948 957
17 29 104 109 112 137 139 394 399 417 438 470 570 606 617 722 729 737
18 1 82 137 298 394 421 438 470 516 530 565 599 650 697 735 833 866 954
17 136 137 175 259 301 314 338 394 400 438 455 470 593 617 810 903 920
16 1 82 137 251 319 365 394 438 470 546 599 605 650 866 975 985
15 1 32 137 357 369 394 438 470 474 599 629 650 828 842 882
13 14 78 136 137 176 177 314 394 438 470 494 593 617
14 80 137 273 364 394 438 470 548 552 599 644 743 764 990
17 14 64 136 137 199 213 314 394 438 470 475 514 593 617 667 877 916
20 14 78 136 137 300 314 341 394 438 470 481 494 571 593 617 726 763 818 959 969
19 66 67 74 136 137 259 266 314 394 438 470 503 593 600 607 617 810 821 857
12 1 82 137 394 438 470 536 599 605 650 866 910
19 102 136 137 175 243 259 301 302 314 394 400 438 470 593 604 617 810 903 981
18 109 137 184 226 394 427 438 470 487 570 595 613 617 620 661 696 747 770
18 1 82 118 137 198 220 318 394 433 438 470 472 599 650 668 833 866 951
20 1 82 118 137 198 207 264 318 394 438 470 472 599 650 668 753 793 833 866 951
16 1 137 289 382 394 438 441 448 470 583 599 639 650 801 828 986
18 14 64 136 137 199 213 314 394 438 469 470 475 514 593 617 667 877 916
18 1 82 134 137 201 336 394 438 470 516 521 530 562 565 599 650 833 866
18 14 78 136 137 176 286 314 343 394 438 470 494 498 593 617 707 805 927
18 1 82 137 298 394 438 470 516 530 565 590 599 650 708 735 833 866 930
18 14 39 78 136 137 272 314 350 394 420 438 470 593 617 625 652 712 978
17 137 269 273 295 364 394 438 445 470 493 495 599 659 676 792 878 897
17 1 32 93 137 394 438 470 526 589 599 650 655 727 734 828 850 899
16 1 82 135 137 208 209 394 413 438 470 565 599 650 833 866 945
17 1 82 118 137 198 264 318 394 438 470 472 599 650 668 833 866 951
14 14 78 136 137 314 385 394 423 438 470 593 617 712 813
16 14 78 136 137 176 177 314 394 438 470 494 593 617 741 784 830
14 14 64 136 137 199 314 394 438 470 514 593 617 713 916
14 37 95 127 137 174 314 394 438 470 513 553 593 617 779
15 37 137 144 174 214 258 314 394 438 470 513 564 593 617 779
16 1 32 122 128 137 357 394 438 470 599 650 686 748 828 876 963
15 14 78 136 137 176 314 343 394 412 438 470 494 593 617 858
14 1 32 128 137 357 394 438 470 599 650 686 748 828 963
15 1 13 32 137 357 394 438 470 599 650 665 679 828 842 891
18 1 82 137 198 306 328 394 431 438 470 599 650 760 789 833 866 934 951
20 1 82 118 137 142 198 203 394 438 464 470 472 525 599 650 833 866 913 951 953
16 137 273 295 364 394 438 445 470 493 495 599 659 676 792 897 958
21 1 34 82 137 180 298 394 438 470 516 530 545 565 599 601 650 708 735 833 844 866
15 137 273 295 364 394 428 438 470 493 495 568 599 742 792 897
17 1 32 128 137 357 394 395 438 470 537 578 599 608 650 748 828 963
16 29 104 109 137 139 252 394 405 438 470 496 570 617 722 729 737
14 137 222 273 327 364 394 438 470 548 577 599 743 764 817
16 137 273 295 364 394 438 456 470 493 495 599 659 676 792 897 974
17 1 32 137 349 394 438 470 526 589 599 650 655 683 734 828 850 899
18 1 32 52 119 137 194 394 438 461 470 490 599 650 755 828 850 899 914
10 37 137 174 314 394 438 470 513 593 617
18 1 12 82 118 137 172 198 381 394 438 470 539 599 650 833 866 937 951
17 1 32 51 137 394 438 470 599 650 666 755 768 783 828 850 899 914
18 14 78 136 137 300 314 341 394 438 470 494 593 617 726 763 818 943 959
17 19 137 260 273 279 364 394 397 438 470 495 507 599 663 792 896 897
13 46 109 137 394 438 470 471 487 570 617 661 696 924
20 89 136 137 259 301 314 340 394 400 438 470 477 482 489 556 593 617 749 810 825
14 14 78 136 137 314 394 438 470 533 593 617 625 712 730
15 136 137 181 259 266 314 394 438 470 534 593 617 681 725 810
22 1 36 82 85 137 149 163 198 328 394 431 438 440 470 485 563 599 650 789 833 866 951
22 1 82 137 198 265 268 328 394 438 470 599 650 680 705 720 733 736 789 833 866 951 998
17 1 11 82 137 182 394 409 438 470 536 576 599 605 650 851 866 910
20 1 25 32 98 128 137 152 357 394 438 470 580 587 599 650 796 826 828 861 963
15 1 137 289 382 394 438 441 448 470 599 639 650 801 828 986
16 136 137 181 259 266 314 394 438 470 531 550 593 617 710 810 965
19 1 36 82 137 198 328 394 431 438 470 599 650 689 756 789 833 849 866 951
13 1 42 75 137 289 394 438 448 470 599 650 828 986
17 29 104 109 112 137 139 394 417 438 447 470 570 606 617 722 729 737
16 1 32 137 232 357 394 438 470 488 599 650 804 828 842 863 882
17 30 137 237 273 364 394 438 470 495 508 557 559 599 603 897 902 948
13 29 109 137 393 394 410 438 470 570 617 729 908 931
15 29 109 137 393 394 410 438 470 570 617 729 835 908 931 949
12 137 273 364 394 438 470 495 508 599 897 948 962
13 14 64 136 137 199 314 394 438 465 470 593 617 989
20 1 82 137 198 328 394 438 470 574 599 650 705 720 789 833 854 859 866 951 998
18 1 82 137 298 394 438 470 492 516 530 565 599 641 650 654 799 833 866
19 14 78 136 137 176 314 343 394 438 470 494 524 560 593 617 694 707 927 980
16 14 64 121 136 137 199 314 394 438 465 470 593 617 634 970 989
18 14 78 136 137 300 314 341 394 438 470 494 593 617 726 763 818 943 959
14 37 137 150 240 314 394 438 444 470 479 513 593 617 996
15 1 82 137 298 394 438 470 492 516 530 565 599 650 833 866
19 1 82 137 198 328 394 438 470 574 599 650 705 720 789 833 859 866 951 998
18 136 137 175 259 301 314 387 394 400 438 470 593 617 745 810 903 920 942
16 1 137 140 276 278 289 394 419 438 448 470 599 639 650 828 986
16 111 137 255 273 364 394 438 470 495 599 757 897 926 948 950 972
19 1 32 65 137 244 373 394 438 470 589 599 616 650 655 672 702 828 850 899
18 1 32 137 178 315 380 394 438 470 589 599 616 650 655 828 831 850 899
18 1 82 137 198 328 391 394 438 470 599 650 682 705 789 797 833 866 951
19 1 82 118 137 198 264 318 394 438 470 472 480 599 650 668 753 833 866 951
14 137 273 295 304 364 394 438 470 493 495 568 599 792 897
17 1 32 137 232 296 357 394 438 470 488 599 650 804 828 842 863 882
22 1 82 137 198 310 328 394 438 470 574 599 650 705 720 789 809 833 854 859 866 951 998
11 29 109 137 394 438 470 570 617 729 908 931
15 1 13 32 137 357 394 438 470 599 650 665 679 828 842 891
21 1 36 82 137 198 216 328 394 431 438 470 599 650 689 756 789 833 849 866 872 951
22 1 36 82 85 137 149 163 198 328 394 431 438 440 470 485 563 599 650 789 833 866 951
11 136 137 282 314 372 394 438 470 593 617 810
20 1 36 82 137 198 328 394 431 438 470 599 650 689 756 789 833 849 866 872 951
16 136 137 181 197 259 266 314 394 438 470 512 593 617 681 725 810
17 1 32 137 283 293 357 394 438 470 599 650 665 692 828 842 891 905
12 1 32 137 394 438 470 589 599 650 828 850 899
15 1 32 137 357 394 438 470 488 599 650 828 841 842 863 882
19 1 25 32 128 137 152 357 394 438 470 580 587 599 650 796 826 828 861 963
21 1 23 55 82 137 298 394 438 470 492 516 530 565 599 630 641 650 654 799 833 866
14 137 222 273 364 394 438 470 548 577 599 640 743 764 817
23 1 82 106 137 198 265 268 328 394 438 470 599 650 680 705 720 733 736 789 833 866 951 998
15 1 82 134 137 336 394 438 470 516 530 565 599 650 833 866
21 1 82 137 198 227 265 328 394 438 470 599 650 705 720 736 789 794 833 866 951 998
19 1 10 70 82 107 137 186 394 438 439 470 599 605 650 791 834 866 975 984
17 1 32 137 178 315 380 394 438 470 589 599 616 650 655 828 850 899
17 14 39 78 136 137 272 314 350 394 420 438 470 593 617 625 652 712
19 22 37 58 137 193 263 314 394 438 470 479 513 593 617 632 719 728 744 868
18 14 78 136 137 292 314 394 438 470 572 593 617 625 658 660 712 730 856
20 14 78 136 137 143 314 322 379 385 394 416 423 438 470 593 617 712 813 956 967
17 136 137 181 197 259 266 314 375 394 438 470 512 593 617 681 725 810
13 137 273 364 394 438 470 495 535 599 716 897 926 948
17 1 82 137 246 251 365 394 396 438 451 470 599 605 650 840 866 975
15 1 137 140 165 289 394 419 438 448 470 599 639 650 828 986
15 1 32 137 357 369 394 438 470 474 599 629 650 828 842 882
9 109 137 394 438 470 570 617 661 696
16 29 104 109 137 392 394 438 468 470 570 581 617 671 699 729 754
20 1 26 36 82 137 198 328 394 404 431 438 470 485 563 599 650 789 833 866 951
19 17 84 136 137 181 197 259 266 314 375 394 438 470 512 593 617 681 725 810
16 1 82 107 137 248 394 438 470 599 605 650 791 834 866 975 984
17 136 137 175 259 301 314 387 394 400 438 470 593 617 745 810 903 920
18 14 78 87 136 137 157 200 272 314 394 438 470 547 593 617 625 674 712
17 1 32 137 194 331 339 394 438 470 599 650 755 828 850 899 914 964
16 22 37 105 137 263 314 323 386 394 438 470 479 513 593 617 632
21 1 4 34 82 137 298 394 438 470 516 522 530 545 565 599 650 708 735 833 844 866
21 1 82 137 198 328 391 394 438 470 483 599 626 650 705 789 797 802 833 866 886 951
18 14 78 136 137 176 314 343 394 436 438 470 494 560 593 617 707 790 927
18 21 136 137 181 256 259 266 314 394 438 470 512 579 593 617 681 725 810
17 1 82 134 137 336 394 438 470 516 521 530 562 565 599 650 833 866
15 1 100 137 289 382 394 438 448 470 599 639 650 801 828 986
8 109 137 394 438 470 570 617 696
19 1 82 118 137 198 318 394 433 438 470 472 599 650 668 698 773 833 866 951
19 1 10 20 82 107 137 148 394 438 470 599 605 650 740 791 834 866 975 984
20 1 82 137 198 328 391 394 438 470 599 615 619 650 705 789 797 833 866 886 951
19 136 137 175 259 301 314 387 394 400 438 446 470 593 617 745 810 903 920 942
15 14 64 121 136 137 199 314 394 438 465 470 593 617 970 989
11 29 104 109 137 394 438 470 570 617 729 737
16 1 82 83 107 137 155 234 394 438 470 599 605 650 738 866 975
17 111 137 205 255 273 364 394 438 470 495 599 757 897 926 948 950 972
18 1 82 123 137 298 394 438 470 492 516 530 565 599 650 654 799 833 866
16 74 136 137 215 259 266 314 394 435 438 470 593 617 810 857 918
12 1 82 137 394 438 470 530 565 599 650 833 866
15 137 161 225 241 273 364 394 438 470 515 548 599 627 675 889
17 1 82 137 394 438 443 470 536 573 576 599 605 650 688 866 894 910
18 22 37 58 137 193 263 314 394 438 470 479 513 593 617 632 719 744 868
15 109 137 184 320 394 438 470 487 570 617 656 661 696 777 870
18 29 104 109 137 299 392 394 407 425 438 468 470 570 617 671 729 754 932
16 1 82 137 394 438 443 470 536 576 599 605 650 688 866 894 910
17 1 15 32 128 137 185 357 394 438 470 538 587 599 631 650 828 963
16 22 37 137 263 314 394 438 470 479 513 593 617 632 715 719 744
21 1 82 137 198 328 394 434 438 470 585 597 599 650 705 720 789 833 859 866 951 998
15 1 32 128 137 357 394 395 438 470 599 650 684 748 828 963
18 14 78 136 137 176 281 314 343 394 438 470 494 524 560 593 617 707 927
19 1 32 48 137 275 283 357 394 438 467 470 599 650 665 692 828 842 891 905
14 29 104 109 137 139 252 394 438 470 570 617 722 729 737
19 1 32 128 137 146 357 394 438 470 538 587 599 631 650 732 828 901 952 963
20 1 32 41 94 137 194 331 339 361 394 438 470 599 650 755 759 828 850 899 914
15 1 82 137 251 365 394 438 470 599 605 650 836 866 975 985
17 1 32 137 349 394 438 470 526 589 599 650 655 683 734 828 850 899
18 1 25 32 128 137 152 153 357 394 438 470 580 587 599 650 826 828 963
17 136 137 175 259 301 314 338 394 400 438 455 470 593 617 810 903 920
11 1 32 128 137 357 394 438 470 599 650 828
17 14 78 136 137 143 314 379 385 394 423 438 470 593 617 685 712 813
17 14 16 78 136 137 270 314 394 438 470 494 593 617 726 763 818 961
12 14 78 136 137 314 394 438 470 494 593 617 818
18 1 36 82 137 198 328 394 431 438 470 485 510 599 650 789 833 866 951
14 46 109 137 394 438 470 471 487 570 617 637 661 696 924
16 22 37 137 263 307 314 394 438 470 479 513 593 617 632 744 867
16 137 161 225 241 273 364 394 438 470 515 548 599 627 675 691 889
16 14 78 136 137 271 314 394 438 470 533 561 593 617 625 712 730
19 1 82 137 198 328 394 434 438 470 599 650 705 720 789 833 859 866 951 998
17 8 136 137 259 301 314 394 400 438 470 489 593 617 810 825 884 919
19 137 225 242 273 312 352 364 394 403 422 438 470 515 543 548 599 731 832 971
20 1 82 118 137 198 207 264 318 394 438 470 472 599 650 668 753 793 833 866 951
17 1 82 137 298 394 438 470 516 530 565 599 650 697 735 833 866 954
11 1 82 137 394 438 470 536 599 605 650 866
15 136 137 181 259 266 314 394 438 470 531 550 593 617 810 965
15 1 63 137 147 267 289 348 394 438 470 599 609 650 828 986
19 1 32 128 137 285 357 394 438 470 538 587 599 631 650 693 732 828 901 963
15 1 32 119 137 194 394 438 470 599 650 755 828 850 899 914
18 137 225 242 273 312 352 364 394 403 422 438 470 515 548 599 731 832 971
17 1 32 128 130 137 357 394 438 470 580 587 599 650 826 828 898 963
19 137 225 242 273 312 352 362 364 394 403 422 438 470 505 515 548 599 731 893
17 1 32 93 137 394 438 470 526 589 599 650 655 727 734 828 850 899
18 1 6 82 118 137 198 394 438 460 470 472 599 650 833 866 936 951 953
21 1 82 137 198 328 394 434 438 470 585 597 599 650 705 720 789 833 859 866 951 998
20 1 32 35 128 137 152 357 384 394 438 454 470 580 587 599 650 750 826 828 963
16 1 32 44 137 283 357 394 438 459 470 599 650 665 828 842 891
12 136 137 259 266 314 394 438 470 593 617 810 857
17 14 78 136 137 176 314 343 394 438 470 494 560 593 617 707 790 927
18 1 32 128 137 357 394 438 470 538 587 599 631 650 693 732 828 901 963
15 137 156 273 364 394 438 470 495 535 599 612 716 897 926 948
14 29 104 109 137 139 333 394 438 470 570 617 729 737 1000
15 14 78 136 137 314 394 438 470 533 561 593 617 625 712 730
13 137 138 273 364 376 394 438 470 515 548 599 888 895
20 1 23 82 137 298 394 438 470 492 516 530 565 599 630 641 650 654 799 833 866
11 137 225 273 364 394 438 470 515 548 599 675
17 30 137 237 273 364 366 394 438 470 484 495 508 599 603 897 902 948
16 30 53 137 273 364 394 438 470 495 508 599 603 624 897 907 948
14 137 138 273 360 364 376 394 438 470 515 548 599 888 895
19 14 77 78 125 136 137 309 314 394 438 470 494 523 593 617 706 726 739 818
16 1 32 110 128 137 357 394 395 438 470 599 650 684 748 828 963
11 136 137 259 314 394 400 438 470 593 617 810
16 1 82 137 251 365 394 438 470 599 605 650 836 866 946 975 985
15 80 137 273 364 394 438 470 548 552 599 644 743 764 885 990
16 109 137 184 226 394 427 438 470 487 570 617 620 661 696 747 752
17 66 74 136 137 259 266 314 394 438 470 503 593 600 617 810 821 857
22 1 82 137 198 328 359 391 394 438 470 599 619 621 650 705 789 797 833 866 886 951 993
18 1 82 137 198 328 374 391 394 438 470 599 650 705 789 833 866 887 951
15 37 69 137 314 329 394 438 470 479 513 593 617 690 848 996
14 29 104 109 112 137 139 394 438 470 570 617 722 729 737
18 1 32 137 283 293 330 357 394 438 470 599 650 665 692 828 842 891 905
13 14 78 136 137 314 385 394 423 438 470 593 617 712
13 1 137 140 289 394 438 448 470 599 639 650 828 986
13 137 273 345 364 394 438 470 548 552 599 743 764 990
17 1 82 137 245 251 365 394 438 470 599 605 650 836 866 946 975 985
21 136 137 259 301 314 340 394 400 438 470 477 482 489 593 617 647 749 771 810 825 921
17 1 82 137 245 251 365 394 438 470 599 605 650 836 866 946 975 985
16 1 32 119 137 194 394 438 470 490 599 650 755 828 850 899 914
18 1 32 128 130 137 357 394 438 470 580 587 599 650 786 826 828 898 963
18 1 82 113 137 198 328 391 394 438 470 599 650 705 789 833 866 887 951
13 109 137 254 394 438 470 471 487 570 617 661 696 924
21 1 82 118 137 167 198 264 318 394 438 470 472 480 599 650 668 753 833 866 890 951
18 21 136 137 181 256 259 266 314 394 438 470 512 579 593 617 681 725 810
19 66 74 136 137 145 259 266 287 314 394 438 470 593 600 617 767 810 821 857
18 66 74 136 137 259 266 314 394 438 470 503 593 600 607 617 810 821 857
13 37 95 137 174 314 325 394 438 470 513 593 617 779
15 14 78 136 137 314 394 438 470 593 617 625 658 712 730 856
19 14 78 136 137 300 314 341 394 438 470 481 494 571 593 617 726 763 818 959
19 137 225 242 273 312 352 362 364 394 403 422 438 470 505 515 548 599 731 893
19 8 54 136 137 259 301 314 394 400 438 470 489 593 617 810 825 884 919 977
18 1 82 137 219 247 298 394 438 470 516 530 565 599 650 735 833 866 954
17 109 137 184 226 394 427 438 470 487 570 617 620 661 696 747 770 880
18 14 78 136 137 176 314 343 394 438 470 494 524 560 593 617 707 927 980
20 14 78 136 137 154 314 341 394 438 470 473 494 593 617 673 726 763 776 806 818
15 74 136 137 215 259 266 314 394 438 470 593 617 810 857 918
13 137 239 273 364 394 438 470 495 535 599 897 926 948
15 7 137 273 364 376 377 394 438 470 515 548 599 651 827 845
15 1 32 137 357 394 438 470 584 599 629 650 828 842 882 988
11 137 138 273 364 376 394 438 470 515 548 599
16 37 43 90 137 150 240 314 394 438 444 470 479 513 593 617 996
15 46 60 109 137 394 438 470 471 487 570 617 637 661 696 924
16 79 137 228 273 364 394 438 470 495 508 599 897 911 948 962 999
17 136 137 259 301 314 340 394 400 438 470 489 504 593 617 670 810 825
17 14 77 78 136 137 309 314 394 438 470 494 523 593 617 706 726 818
19 1 82 137 198 265 328 394 438 470 599 650 705 720 789 833 866 904 951 998
18 1 32 44 96 120 137 283 357 394 438 470 599 638 650 665 828 842 891
18 14 78 136 137 143 314 379 385 394 416 423 438 470 593 617 712 813 967
22 1 82 118 137 198 207 217 264 318 355 394 438 470 472 599 650 668 753 833 866 951 982
17 14 64 136 137 168 199 314 334 342 347 394 438 470 593 617 662 989
15 1 82 137 394 438 470 536 576 599 605 650 688 866 894 910
15 137 225 242 273 312 364 389 394 438 470 506 515 548 599 731
18 14 39 78 136 137 272 314 350 394 420 438 470 593 617 625 652 712 978
20 1 25 32 128 137 152 153 357 394 438 470 580 587 588 599 650 669 826 828 963
14 18 136 137 282 314 372 394 418 438 470 593 617 810 824
16 1 82 137 162 208 394 438 470 565 599 650 687 833 866 945 966
18 1 32 116 128 137 321 357 394 395 438 470 537 599 608 650 748 828 963
20 1 82 118 137 170 196 198 210 378 381 394 438 470 539 599 650 833 866 937 951
16 1 100 137 166 289 382 394 438 448 470 599 639 650 801 828 986
20 1 25 32 98 128 137 152 357 394 438 470 580 587 599 650 796 826 828 861 963
18 29 104 109 137 299 392 394 407 425 438 468 470 570 617 671 729 754 932
17 1 10 70 82 107 137 394 438 470 599 605 650 791 834 866 975 984
17 1 82 137 247 298 394 438 470 516 530 565 599 650 735 833 866 954
20 1 82 137 198 265 328 394 438 470 599 650 705 720 733 736 789 833 866 951 998
14 30 137 237 273 364 394 438 470 495 508 599 603 897 948
18 56 126 137 260 273 279 284 364 383 394 414 438 470 495 507 599 792 897
17 37 137 150 280 313 314 363 394 438 444 470 479 513 593 617 721 996
16 29 104 109 112 137 139 394 438 470 570 606 617 722 729 737 994
19 1 82 137 251 303 365 394 408 438 451 470 509 599 605 650 840 866 933 975
18 1 82 137 394 415 438 443 470 536 573 576 599 605 650 688 866 894 910
13 136 137 259 301 314 394 400 438 470 593 617 810 825
16 1 32 137 394 438 470 526 589 599 650 655 727 734 828 850 899
21 1 82 137 198 328 359 391 394 438 470 599 619 621 650 705 789 797 833 866 886 951
23 1 82 137 198 328 359 391 394 438 470 599 619 621 650 705 789 797 833 862 866 886 951 993
17 14 78 87 136 137 200 272 314 394 438 470 547 593 617 625 674 712
9 1 137 289 394 438 470 599 650 828
16 1 82 118 137 198 261 381 394 438 470 599 650 833 837 866 951
19 1 25 32 128 137 152 153 357 394 438 470 580 587 599 650 669 826 828 963
14 137 156 273 364 394 438 470 495 535 599 716 897 926 948
14 137 260 273 279 364 394 438 470 495 507 599 663 792 897
19 1 50 68 82 118 137 198 210 381 394 438 470 539 599 650 833 866 937 951
16 14 78 136 137 176 314 343 394 412 438 470 494 501 593 617 858
20 1 82 123 137 298 394 401 438 470 492 516 530 565 599 650 654 799 833 866 941
14 1 32 137 394 438 470 599 650 755 783 828 850 899 914
12 137 273 279 364 394 438 470 495 507 599 792 897
14 74 136 137 259 266 314 394 438 470 593 617 810 857 918
20 1 36 82 137 198 328 394 431 438 470 599 650 689 789 833 849 866 906 951 983
18 30 137 237 273 364 394 438 470 495 508 555 557 599 603 657 897 902 948
15 137 225 242 273 312 364 394 438 470 506 515 548 599 731 811
16 22 37 105 137 263 314 323 386 394 438 470 479 513 593 617 632
10 136 137 314 372 394 438 470 593 617 810
16 14 64 136 137 168 199 314 342 347 394 438 470 593 617 662 989
16 14 78 136 137 176 177 314 394 438 470 494 593 617 741 784 830
13 137 273 364 376 394 438 470 515 548 599 651 827 845
18 137 260 273 279 284 324 353 364 383 394 438 470 495 507 599 695 792 897
21 1 82 118 137 167 198 264 318 394 438 470 472 480 599 650 668 753 833 866 890 951
14 1 13 32 137 357 394 438 470 599 650 665 828 842 891
18 14 16 78 136 137 314 394 438 470 494 593 614 617 633 704 726 763 818
10 1 32 137 394 438 470 599 650 828 899
14 1 82 137 394 409 438 470 536 576 599 605 650 866 910
15 1 137 140 165 289 394 419 438 448 470 599 639 650 828 986
17 14 78 136 137 143 314 379 385 394 423 438 470 593 617 685 712 813
21 1 82 118 137 170 196 198 210 378 381 394 438 470 539 549 599 650 833 866 937 951
16 57 136 137 171 282 314 372 394 418 438 470 593 617 628 653 810
18 14 64 136 137 199 257 314 394 438 470 514 593 617 642 762 819 877 916
17 136 137 175 259 301 314 394 400 438 449 470 593 617 745 810 903 920
18 1 32 103 128 137 185 357 394 438 470 538 587 599 631 650 828 925 963
15 22 37 105 137 263 314 323 394 438 470 479 513 593 617 632
19 1 36 82 137 198 328 394 431 438 470 599 650 689 789 833 849 866 906 951
19 66 74 136 137 145 259 266 287 314 394 438 470 593 600 617 767 810 821 857
19 1 32 137 178 315 380 394 438 470 589 599 616 650 655 814 828 831 850 899
17 1 82 118 137 198 394 438 470 472 525 586 599 650 833 866 951 953
16 137 225 242 273 312 351 352 364 394 403 438 470 515 548 599 731
19 1 12 82 118 137 172 198 381 394 438 470 539 599 650 787 833 866 937 951
18 1 82 118 137 198 394 438 470 472 525 586 599 650 833 866 883 951 953
17 14 64 133 136 137 199 314 394 438 470 514 540 593 617 713 916 997
20 14 78 136 137 176 314 343 394 438 470 494 524 560 593 617 623 694 707 927 980
17 1 137 179 289 382 394 438 441 448 470 583 599 639 650 801 828 986
15 37 69 137 314 329 394 438 470 479 513 593 617 690 848 996
6 137 364 394 438 470 599
19 1 32 65 137 244 373 394 438 470 589 599 616 650 655 672 702 828 850 899
21 1 33 82 137 294 298 390 394 438 470 516 530 565 590 599 650 708 735 833 866 873
14 1 137 289 394 438 448 470 599 639 650 801 807 828 986
14 137 229 236 273 364 376 394 438 470 515 548 599 845 973
15 137 273 295 364 394 428 438 470 493 495 568 599 742 792 897
14 137 273 364 394 438 470 502 548 577 599 743 764 812 817
18 1 32 94 137 194 331 339 361 394 438 470 599 650 755 828 850 899 914
14 37 137 174 214 258 314 394 438 470 513 564 593 617 779
18 1 32 103 128 137 185 357 394 438 470 538 587 599 631 650 828 925 963
12 37 137 174 314 394 438 470 513 564 593 617 779
21 1 82 118 137 198 203 394 426 438 464 470 472 525 599 650 788 833 866 913 951 953
17 1 10 82 107 137 148 394 438 470 599 605 650 791 834 866 975 984
18 1 32 137 194 331 339 394 438 470 599 650 755 828 850 875 899 914 964
16 74 136 137 224 259 266 314 394 438 470 593 600 617 810 821 857
17 137 225 242 273 312 352 364 394 403 422 438 470 515 548 599 731 971
18 14 16 78 136 137 314 394 438 470 494 593 614 617 633 704 726 763 818
13 137 273 295 364 394 438 470 493 495 599 659 792 897
19 1 82 118 137 198 394 438 464 470 472 525 599 650 724 833 866 913 951 953
14 29 104 109 137 139 333 394 438 470 570 617 729 737 1000
13 137 229 236 273 364 376 394 438 470 515 548 599 845
18 22 37 137 230 263 307 314 394 438 470 479 513 593 617 632 744 800 867
10 14 136 137 199 314 394 438 470 593 617
17 14 78 136 137 176 177 314 394 438 470 494 542 575 593 617 823 830
17 1 82 137 251 335 356 365 394 438 470 599 605 650 840 866 935 975
17 1 36 82 137 198 328 394 431 438 470 599 650 689 789 833 866 951
15 22 37 137 160 263 314 323 394 438 470 479 513 593 617 632
16 1 32 137 357 369 394 406 438 452 470 599 629 650 828 842 882
19 136 137 259 301 314 340 394 400 438 470 477 482 489 556 593 617 749 810 825
18 136 137 175 259 301 314 394 400 438 449 470 518 593 617 745 810 903 920
19 1 82 137 198 328 391 394 438 470 599 626 650 705 789 797 833 866 886 951
18 3 14 64 133 136 137 199 314 394 438 453 470 514 593 610 617 713 916
19 1 10 70 82 107 137 186 394 438 439 470 599 605 650 791 834 866 975 984
13 80 137 273 364 394 438 470 548 552 599 743 764 990
22 1 82 137 198 328 394 434 438 470 585 599 650 705 720 789 822 833 855 859 866 951 998
20 1 32 119 137 194 337 394 438 461 470 490 491 599 650 755 820 828 850 899 914
17 37 90 137 150 190 240 314 394 438 444 470 479 513 593 617 864 996
18 14 78 136 137 143 314 385 394 423 438 470 511 593 617 678 712 765 813
6 137 394 438 470 599 650
15 1 82 137 394 438 470 536 576 599 605 650 688 701 866 910
19 1 32 81 137 204 394 438 470 599 650 666 677 755 768 783 828 850 899 914
20 1 9 82 137 183 251 335 356 365 394 438 470 599 605 636 650 840 866 935 975
18 14 64 136 137 168 199 212 250 314 347 394 438 462 470 593 617 662 989
17 29 86 104 109 137 188 392 394 402 438 442 470 570 617 671 729 754
21 1 82 137 198 328 391 394 438 470 483 599 626 650 705 789 797 802 833 866 886 951
16 14 64 136 137 199 314 394 438 470 514 593 617 642 819 877 916
18 1 32 137 194 331 339 394 438 470 599 650 755 828 850 875 899 914 964
19 1 28 32 128 137 173 357 394 438 470 538 569 587 599 650 769 780 828 963
17 1 32 44 96 137 202 283 357 394 438 470 599 650 665 828 842 891
15 45 137 195 273 364 394 438 470 548 599 743 764 817 917 955
22 1 82 118 137 142 198 203 394 438 464 470 472 500 525 566 599 650 833 866 913 951 953
17 102 136 137 175 243 259 301 314 394 400 438 470 593 617 810 903 981
19 14 31 78 136 137 154 314 341 394 438 470 494 593 617 673 726 763 818 995
16 1 24 32 137 357 394 438 470 488 599 650 804 828 842 863 882
15 57 136 137 235 282 314 372 394 418 438 470 593 617 711 810
14 37 88 137 314 329 394 438 470 479 513 593 617 987 996
17 1 82 137 162 189 208 394 438 470 565 599 650 687 833 866 945 966
3 137 394 438
15 1 32 137 394 438 463 470 526 589 599 650 655 828 850 899
16 1 32 137 357 394 438 470 488 599 645 650 828 841 842 863 882
16 14 78 136 137 176 177 314 394 438 470 494 575 593 617 830 881
16 137 273 295 364 394 438 445 470 493 495 599 659 676 792 897 958
18 109 137 254 394 438 470 471 487 517 567 570 598 617 661 696 709 924 929
18 14 78 136 137 300 314 341 394 432 438 470 494 527 593 617 726 763 818
13 137 225 273 364 394 438 470 515 520 548 599 627 675
18 14 78 136 137 300 314 341 394 438 470 481 494 593 617 726 763 818 959
14 37 137 150 280 314 394 438 444 470 479 513 593 617 996
21 1 82 137 198 310 328 394 438 470 574 599 650 705 720 789 833 854 859 866 951 998
19 1 32 41 94 137 194 331 339 361 394 438 470 599 650 755 828 850 899 914
17 14 62 64 136 137 199 249 314 394 438 470 514 593 617 819 877 916
16 137 161 225 241 273 364 394 438 470 515 548 599 627 675 691 889
15 29 86 104 109 137 188 392 394 438 470 570 617 671 729 754
15 14 78 136 137 272 314 394 420 438 470 593 617 625 652 712
15 1 82 137 394 438 470 536 576 599 605 650 688 701 866 910
20 1 26 36 82 137 198 328 394 404 431 438 470 485 563 599 650 789 833 866 951
17 1 32 59 128 137 173 357 394 438 470 538 587 599 650 780 828 963
15 137 222 273 364 394 438 470 548 577 599 640 743 764 817 939
15 1 82 137 208 209 394 413 438 470 565 599 650 833 866 945
14 29 86 104 109 137 392 394 438 470 570 617 671 729 754
14 137 195 273 364 394 438 470 548 599 743 764 817 917 955
17 22 37 58 137 193 263 314 394 438 470 479 513 593 617 632 719 744
19 1 32 81 137 204 394 438 470 599 650 666 677 755 768 783 828 850 899 914
12 137 195 273 364 394 438 470 548 599 743 764 817
14 30 53 137 273 364 394 438 470 495 508 599 603 897 948
16 14 78 136 137 154 314 341 394 438 470 494 593 617 726 763 818
17 30 137 237 273 364 394 438 470 495 508 555 557 599 603 897 902 948
21 14 78 136 137 300 314 341 394 438 470 481 494 571 593 617 726 746 763 818 959 969
18 1 82 118 137 198 394 438 470 472 525 586 599 650 833 866 883 951 953
14 137 260 273 279 284 364 394 438 470 495 507 599 792 897
16 137 273 295 364 394 438 456 470 493 495 599 659 676 792 897 974
20 1 34 73 82 91 137 298 394 438 470 516 530 545 565 599 650 708 735 833 866
15 137 273 295 364 394 438 456 470 493 495 599 659 676 792 897
16 22 37 58 137 263 314 394 438 470 479 513 593 617 632 719 744
13 109 137 184 394 438 470 487 570 617 620 661 696 747
16 14 78 136 137 272 314 350 394 420 438 470 593 617 625 652 712
21 1 33 82 137 294 298 390 394 438 470 516 530 565 590 599 650 708 735 833 866 873
21 1 82 118 137 198 207 217 264 318 394 438 470 472 599 650 668 753 833 866 951 982
18 3 14 64 133 136 137 199 314 394 438 453 470 514 593 610 617 713 916
15 1 32 137 394 398 430 438 470 599 650 755 828 850 899 909
18 22 37 137 230 263 307 314 394 438 470 479 513 593 617 632 744 800 867
16 137 225 273 291 312 364 371 394 429 438 470 515 548 599 731 944
6 137 394 438 470 570 617
20 14 78 87 136 137 157 200 272 314 326 394 438 470 547 593 617 625 674 712 846
20 1 82 137 198 328 359 391 394 438 470 599 619 650 705 789 797 833 866 886 951
20 1 28 32 128 137 173 357 394 438 458 470 538 569 587 599 650 769 780 828 963
15 109 137 184 320 394 438 470 487 570 617 656 661 696 777 870
12 29 109 137 394 410 438 470 570 617 729 908 931
14 74 136 137 259 266 314 394 438 470 593 600 617 810 857
20 1 82 123 137 298 394 401 438 470 492 516 530 565 599 650 654 799 833 866 941
22 1 82 115 118 137 198 203 394 426 438 464 470 472 525 599 650 788 833 866 913 951 953
16 136 137 259 301 314 340 394 400 438 470 477 489 593 617 810 825
17 1 32 128 137 173 357 394 438 470 538 569 587 599 650 780 828 963
15 57 136 137 282 314 372 394 418 438 470 593 617 628 653 810
19 1 36 82 137 198 328 394 431 438 440 470 485 563 599 650 789 833 866 951
19 1 6 82 118 137 198 233 394 438 470 472 528 599 650 833 852 866 951 953
23 1 82 118 137 192 198 207 217 264 318 355 394 438 470 472 599 650 668 753 833 866 951 982
18 136 137 259 301 314 340 394 400 438 470 477 482 489 593 617 772 810 825
18 14 78 136 137 154 314 341 394 438 470 473 494 593 617 673 726 763 818
18 1 32 137 283 293 330 357 394 438 470 599 650 665 692 828 842 891 905
15 136 137 181 259 266 314 394 438 470 531 550 593 617 643 810
16 1 32 137 394 398 430 438 470 599 650 755 828 850 899 909 960
15 137 222 273 364 394 438 470 548 577 599 640 743 764 817 939
16 14 64 136 137 168 199 212 314 347 394 438 470 593 617 662 989
14 109 137 184 320 394 438 470 487 570 617 656 661 696 777
15 1 82 137 162 208 394 438 470 565 599 650 687 833 866 945
18 1 32 128 137 357 388 394 438 470 580 587 599 650 718 826 828 898 963
17 14 64 136 137 168 199 212 314 347 394 438 462 470 593 617 662 989
17 1 24 32 137 357 394 438 470 488 599 650 804 828 842 863 882 915
17 66 74 136 137 259 266 287 314 394 438 470 593 600 617 810 821 857
16 14 78 136 137 271 314 394 438 470 533 561 593 617 625 712 730
20 1 82 137 158 198 328 391 394 438 470 599 650 682 705 789 795 797 833 866 951
15 14 78 136 137 176 177 314 394 438 470 494 593 617 741 830
14 14 78 136 137 176 314 343 394 438 470 494 593 617 707
16 137 195 273 311 364 394 438 470 548 599 649 743 764 817 892 917
12 137 273 364 394 438 470 495 599 897 926 948 972
12 1 82 137 365 394 438 470 599 605 650 866 975
18 136 137 259 301 314 340 394 400 438 470 477 482 489 593 617 772 810 825
16 1 32 44 137 283 357 394 438 459 470 599 650 665 828 842 891
16 1 32 137 357 369 394 406 438 452 470 599 629 650 828 842 882
22 1 82 137 198 328 394 434 438 470 585 599 650 705 720 789 822 833 855 859 866 951 998
15 137 273 345 364 394 438 470 548 552 554 599 743 764 782 990
17 37 43 90 137 150 240 314 394 411 438 444 470 479 513 593 617 996
17 1 82 107 137 394 438 470 486 497 519 599 605 650 723 834 866 975
19 14 78 136 137 154 314 341 394 438 470 473 494 593 617 673 726 763 806 818
15 111 137 273 364 394 438 470 495 599 757 897 926 948 950 972
17 1 82 137 221 336 394 437 438 470 516 530 532 565 599 650 833 866
19 137 225 242 273 312 352 364 394 403 422 438 470 515 543 548 599 731 832 971
15 137 225 273 312 332 364 371 394 438 450 470 515 548 599 731
17 29 104 109 137 169 392 394 438 468 470 570 617 671 699 729 754 798
18 14 78 136 137 176 314 343 394 436 438 470 494 560 593 617 707 790 927
17 136 137 181 259 266 314 370 394 438 470 531 550 593 617 643 810 874
18 29 104 109 112 137 139 394 417 438 447 470 570 606 617 722 729 737 947
17 14 78 136 137 176 177 314 394 438 470 494 575 593 617 830 879 881
16 14 64 133 136 137 199 314 394 438 470 514 540 593 617 713 916
16 1 32 137 194 331 394 438 470 599 618 650 755 828 850 899 914
19 1 32 48 137 275 283 357 394 438 467 470 599 650 665 692 828 842 891 905
17 37 137 150 280 313 314 363 394 438 444 470 479 513 593 617 721 996
19 14 77 78 125 136 137 309 314 394 438 470 494 523 593 617 706 726 739 818
12 137 273 364 376 394 438 470 515 548 599 651 845
17 1 82 92 137 336 394 437 438 470 516 530 532 565 599 650 833 866
15 14 78 129 136 137 272 314 394 420 438 470 593 617 625 712
18 1 82 137 159 221 336 394 437 438 470 516 530 532 565 599 650 833 866
20 1 32 71 137 178 367 380 394 438 470 589 599 616 646 650 655 774 828 850 899
17 137 260 273 279 284 324 353 364 383 394 438 470 495 507 599 792 897
9 137 273 364 394 438 470 548 599 743
16 132 136 137 259 301 314 394 400 438 470 489 593 617 810 825 919
17 29 104 109 112 137 139 394 399 417 438 470 570 606 617 722 729 737
20 1 25 32 128 137 152 153 357 394 438 470 580 587 588 599 650 669 826 828 963
16 1 82 134 137 336 394 438 470 516 521 530 565 599 650 833 866
16 137 260 273 279 284 353 364 383 394 438 470 495 507 599 792 897
16 57 136 137 171 282 314 372 394 418 438 470 593 617 628 653 810
21 1 82 137 198 227 265 328 394 438 470 599 650 705 720 736 789 794 833 866 951 998
13 137 225 273 364 394 438 470 515 520 548 599 627 675
12 137 138 273 364 376 394 438 470 515 548 599 888
18 1 32 44 96 137 202 283 357 394 438 470 596 599 650 665 828 842 891
16 136 137 259 301 314 394 400 438 470 592 593 617 758 808 810 903
17 1 82 118 137 172 198 381 394 438 470 539 599 650 833 866 937 951
18 1 82 107 137 164 248 394 438 470 599 605 650 664 791 834 866 975 984
15 1 2 63 137 147 267 289 394 438 470 599 650 828 860 986
14 57 136 137 282 314 372 394 418 438 470 593 617 653 810
18 1 82 113 137 198 328 391 394 438 470 599 650 705 789 833 866 887 951
16 1 82 137 198 328 394 438 470 599 650 705 720 789 833 866 951
15 1 32 137 357 394 438 470 584 599 629 650 828 842 882 988
14 1 32 137 394 398 438 470 599 650 755 828 850 899 909
16 1 32 137 349 394 438 470 526 589 599 650 655 734 828 850 899
13 79 137 273 364 394 438 470 495 508 599 897 948 962
19 1 9 82 137 251 335 356 365 394 438 470 599 605 636 650 840 866 935 975
20 1 32 119 137 194 337 394 438 461 470 490 491 599 650 755 820 828 850 899 914
18 1 82 107 137 164 248 394 438 470 599 605 650 664 791 834 866 975 984
22 1 82 115 118 137 198 203 394 426 438 464 470 472 525 599 650 788 833 866 913 951 953
18 1 82 137 251 303 365 394 408 438 451 470 509 599 605 650 840 866 975
14 137 273 364 376 377 394 438 470 515 548 599 651 827 845
15 1 32 122 128 137 357 394 438 470 599 650 686 748 828 963
16 14 47 78 136 137 238 288 314 385 394 438 470 476 593 617 712
8 137 273 364 394 438 470 495 599
17 136 137 259 301 314 340 394 400 438 470 489 504 593 617 670 810 825
20 72 136 137 175 259 301 314 387 394 400 438 446 470 593 617 745 810 903 920 942
14 1 63 137 147 267 289 394 438 470 599 609 650 828 986
19 1 32 103 128 137 185 274 357 394 438 470 538 587 599 631 650 828 900 963
18 137 225 242 273 312 352 364 394 403 422 438 470 505 515 548 599 731 893
10 29 109 137 394 438 470 570 617 729 931
16 1 82 137 251 319 365 394 438 470 599 605 650 853 866 975 985
22 1 82 118 137 142 198 203 394 438 464 470 472 500 525 566 599 650 833 866 913 951 953
18 1 32 97 137 394 398 430 438 470 599 650 755 828 847 850 899 909 960
18 1 36 82 137 198 328 394 431 438 470 485 510 599 650 789 833 866 951
18 14 78 136 137 154 314 341 394 438 470 494 593 617 673 726 763 818 995
17 1 11 82 137 182 394 409 438 470 536 576 599 605 650 851 866 910
17 14 62 64 136 137 199 249 314 394 438 470 514 593 617 819 877 916
21 1 82 118 137 170 196 198 210 378 381 394 438 470 539 549 599 650 833 866 937 951
19 1 82 118 137 196 198 210 378 381 394 438 470 539 599 650 833 866 937 951
23 1 82 137 198 328 394 434 438 470 541 585 599 650 705 720 789 833 838 855 859 866 951 998
16 137 269 273 295 364 394 438 445 470 493 495 599 659 676 792 897
17 1 32 137 223 308 394 438 463 470 526 589 599 650 655 828 850 899
17 109 137 184 226 394 427 438 470 487 570 617 620 661 696 747 770 880
15 1 82 118 137 198 394 438 470 472 599 650 668 833 866 951
11 1 82 137 394 438 470 599 650 833 866 951
11 137 273 279 364 394 438 470 495 599 792 897
18 1 10 82 107 137 148 394 438 470 599 605 650 740 791 834 866 975 984
18 1 82 137 394 415 438 443 470 536 573 576 599 605 650 688 866 894 910
19 1 82 137 198 265 328 394 438 470 599 650 705 720 789 833 866 904 951 998
17 14 78 136 137 300 314 341 394 438 470 494 527 593 617 726 763 818
19 1 82 118 137 198 394 438 464 470 472 525 599 650 724 833 866 913 951 953
15 22 37 137 160 263 314 323 394 438 470 479 513 593 617 632
15 14 78 136 137 309 314 394 438 470 494 593 617 706 726 818
14 1 82 83 107 137 155 394 438 470 599 605 650 866 975
15 109 137 254 394 438 470 471 487 544 570 617 661 696 924 929
18 1 82 137 159 221 336 394 437 438 470 516 530 532 565 599 650 833 866
16 102 136 137 175 259 301 314 394 400 438 470 593 617 810 903 981
18 102 136 137 175 243 259 301 302 314 394 400 438 470 593 617 810 903 981
16 1 82 107 137 394 438 470 486 497 599 605 650 723 834 866 975
16 1 82 137 251 365 394 396 438 451 470 599 605 650 840 866 975
18 1 82 137 251 319 346 365 394 438 470 546 599 605 622 650 866 975 985
17 1 32 65 137 244 373 394 438 470 589 599 616 650 655 828 850 899
15 45 137 195 273 364 394 438 470 548 599 743 764 817 917 955
13 109 137 184 320 394 438 470 487 570 617 661 696 777
13 1 82 83 107 137 394 438 470 599 605 650 866 975
16 1 32 128 137 357 394 438 470 538 587 599 631 650 732 828 963
18 1 82 137 298 394 438 470 516 530 565 590 599 650 708 735 833 866 930
16 29 104 109 137 392 394 407 438 468 470 570 617 671 729 754 932
16 132 136 137 259 301 314 394 400 438 470 489 593 617 810 825 919
18 1 82 137 162 189 208 394 438 470 565 599 650 687 816 833 866 945 966
14 37 95 137 174 314 325 394 438 470 513 529 593 617 779
17 21 136 137 181 256 259 266 314 394 438 470 512 593 617 681 725 810
17 1 32 44 96 137 283 357 394 438 470 599 638 650 665 828 842 891
17 126 137 260 273 279 284 364 383 394 414 438 470 495 507 599 792 897
16 14 62 64 136 137 199 314 394 438 470 514 593 617 819 877 916
19 1 32 128 137 146 357 394 438 470 538 587 599 631 650 732 828 901 952 963
19 109 137 184 226 262 394 427 438 470 487 570 595 613 617 620 661 696 747 770
19 1 82 137 298 394 421 438 470 516 530 565 599 650 697 735 815 833 866 954
18 66 74 136 137 145 259 266 287 314 394 438 470 593 600 617 810 821 857
15 57 136 137 235 282 314 372 394 418 438 470 593 617 711 810
17 1 137 179 289 382 394 438 441 448 470 583 599 639 650 801 828 986
20 109 124 137 184 226 262 394 427 438 470 487 570 595 613 617 620 661 696 747 770
19 14 78 87 136 137 200 272 290 314 358 368 394 438 470 547 593 617 625 712
14 137 273 364 394 438 470 502 548 577 599 743 764 812 817
18 1 32 59 128 137 173 357 394 438 470 538 587 599 650 780 828 940 963
11 137 273 364 394 438 470 493 495 599 792 897
18 14 78 136 137 143 314 385 394 423 438 470 511 593 617 678 712 765 813
13 1 32 137 394 398 438 470 599 650 755 828 850 899
16 1 32 122 128 137 357 394 438 470 599 650 686 748 828 876 963
16 1 32 137 223 394 438 463 470 526 589 599 650 655 828 850 899
17 1 82 137 298 394 438 470 516 530 545 565 599 650 708 735 833 866
18 14 64 133 136 137 199 314 394 438 470 514 540 593 617 713 714 916 997
21 1 32 71 137 151 178 367 380 394 438 470 589 599 616 646 650 655 774 828 850 899
19 1 82 137 251 303 365 394 408 438 451 470 509 599 605 650 840 866 933 975
16 1 32 137 244 373 394 438 470 589 599 616 650 655 828 850 899
17 74 136 137 224 259 266 314 394 438 470 593 600 617 810 821 857 869
16 1 137 140 276 278 289 394 419 438 448 470 599 639 650 828 986
14 14 78 136 137 314 394 438 470 494 593 617 706 726 818
16 79 137 228 273 364 394 438 470 495 508 599 897 911 948 962 999
15 137 260 273 279 364 394 438 470 495 507 599 663 792 896 897
17 126 137 260 273 279 284 364 383 394 438 470 495 507 599 751 792 897
17 1 32 137 244 394 438 470 589 599 616 650 655 775 781 828 850 899
13 1 32 137 357 394 438 470 488 599 650 828 842 882
12 29 104 109 137 392 394 438 470 570 617 729 754
19 1 32 137 194 331 354 394 438 470 599 611 618 650 755 828 850 899 914 991
17 136 137 259 301 314 394 400 438 470 489 593 617 703 810 825 884 919
19 1 82 118 137 198 318 394 433 438 470 472 599 650 668 698 773 833 866 951
17 14 16 78 136 137 314 394 438 470 494 593 617 633 704 726 763 818
12 37 137 314 394 438 444 470 479 513 593 617 996
16 14 16 78 136 137 314 394 438 470 494 593 617 633 726 763 818
14 109 137 184 394 427 438 470 487 570 617 620 661 696 747
18 1 82 137 251 335 356 365 394 438 470 551 599 605 650 785 840 866 975
16 1 11 82 137 182 394 409 438 470 536 576 599 605 650 866 910
15 14 78 136 137 191 314 394 438 470 593 617 625 712 730 856
16 21 136 137 181 259 266 314 394 438 470 512 593 617 681 725 810
12 137 229 273 364 376 394 438 470 515 548 599 845
19 1 32 128 137 285 357 394 438 470 538 587 599 631 650 693 732 828 901 963
14 57 136 137 235 282 314 372 394 418 438 470 593 617 810
19 8 54 136 137 259 301 314 394 400 438 470 489 593 617 810 825 884 919 977
15 14 49 64 136 137 168 199 314 347 394 438 470 593 617 989
23 1 82 118 137 192 198 207 217 264 318 355 394 438 470 472 599 650 668 753 833 866 951 982
22 1 34 82 137 180 298 394 438 470 516 530 545 558 565 599 601 650 708 735 833 844 866
15 136 137 259 301 314 394 400 438 470 593 617 758 808 810 903
15 37 95 127 137 174 218 314 394 438 470 513 553 593 617 779
16 14 78 136 137 143 314 385 394 423 438 470 511 593 617 712 813
18 1 32 71 137 178 305 380 394 438 470 589 599 616 650 655 828 850 899
18 1 32 44 96 137 202 283 357 394 438 470 596 599 650 665 828 842 891
16 1 82 135 137 208 209 394 413 438 470 565 599 650 833 866 945
18 1 82 114 137 182 253 394 409 438 457 470 536 576 599 605 650 866 910
17 30 137 237 273 364 366 394 438 470 484 495 508 599 603 897 902 948
18 1 82 118 137 198 318 394 433 438 470 472 599 650 668 698 833 866 951
15 76 137 239 273 364 394 438 470 495 535 599 897 926 948 957
17 14 16 78 136 137 270 314 394 438 470 494 593 617 726 763 818 961
16 14 78 136 137 176 314 343 394 412 438 470 494 501 593 617 858
20 14 78 136 137 176 314 343 394 438 470 494 524 560 593 617 623 694 707 927 980
18 1 32 137 194 331 354 394 438 470 599 611 618 650 755 828 850 899 914
18 1 32 40 128 137 173 206 357 394 438 470 538 587 599 650 828 843 963
18 1 32 128 130 137 357 394 438 470 580 587 599 650 786 826 828 898 963
21 136 137 259 301 314 340 394 400 438 470 477 482 489 593 617 647 749 771 810 825 921
15 1 32 128 137 357 394 395 438 470 537 599 650 748 828 963
15 1 82 83 107 137 155 234 394 438 470 599 605 650 866 975
23 1 82 137 198 328 359 391 394 438 470 599 619 621 650 705 789 797 833 862 866 886 951 993
12 1 82 137 394 438 470 565 599 650 833 866 945
14 14 78 136 137 272 314 394 438 470 547 593 617 625 712
18 1 32 103 128 137 185 357 394 438 470 538 587 599 631 650 828 900 963
20 14 78 87 136 137 157 200 272 314 326 394 438 470 547 593 617 625 674 712 846
18 14 78 136 137 300 314 341 394 432 438 470 494 527 593 617 726 763 818
18 1 32 35 128 137 152 357 384 394 438 470 580 587 599 650 826 828 963
14 137 273 295 304 364 394 438 470 493 495 568 599 792 897
19 1 82 137 198 328 391 394 438 470 599 650 682 705 789 795 797 833 866 951
20 1 82 118 137 198 207 217 264 318 394 438 470 472 599 650 668 753 833 866 951
18 1 82 134 137 201 336 394 438 470 516 521 530 562 565 599 650 833 866
18 1 9 82 137 251 335 356 365 394 438 470 599 605 650 840 866 935 975
14 37 88 137 314 329 394 438 470 479 513 593 617 987 996
13 37 137 174 214 314 394 438 470 513 564 593 617 779
19 1 82 137 251 319 346 365 394 438 470 546 599 605 622 650 761 866 975 985
15 14 78 136 137 238 288 314 385 394 438 470 476 593 617 712
22 1 82 137 198 328 394 434 438 470 541 585 599 650 705 720 789 833 855 859 866 951 998
15 1 2 63 137 147 267 289 394 438 470 599 650 828 860 986
15 1 32 137 283 357 394 438 470 599 650 665 692 828 842 891
12 1 63 137 267 289 394 438 470 599 650 828 986
14 1 82 137 208 394 438 470 565 599 650 687 833 866 945
20 1 32 41 94 137 194 331 339 361 394 438 470 599 650 755 759 828 850 899 914
15 137 195 273 311 364 394 438 470 548 599 649 743 764 817 917
17 137 225 242 273 312 352 364 394 403 422 438 470 515 548 599 731 893
17 111 137 205 255 273 364 394 438 470 495 599 757 897 926 948 950 972
